GISData/GIS_slope_15.txt
ncols         200
nrows         200
xllcorner	0.0
yllcorner	0.0
cellsize      15
[rows 96 to 127 of 200, columns 0 to 70 of 200]
0.5469 2.5335 3.0686 3.1763 2.8917 4.2337 6.6764 1.7602 2.1557 3.9139 2.2680 2.1762 3.9283 3.5172 1.6858 2.1503 2.6634 1.8807 2.1882 2.1855 1.0612 0.8057 2.1168 1.2991 1.0390 1.3502 1.3844 2.0930 2.3109 1.4937 1.2316 0.0540 0.6505 1.5671 1.6403 1.4269 1.0816 1.9469 1.7162 0.9760 0.5361 0.7976 0.1575 0.8120 1.2967 11.5769 11.2824 1.6522 4.1127 10.1507 8.5682 3.7639 5.0948 0.7639 2.6729 0.7176 0.8263 1.4212 1.3502 0.6594 3.1247 1.8745 0.7865 1.9655 2.9087 2.6057 1.2603 2.5104 0.9182 2.4294 1.4671
1.6420 2.7995 3.5578 3.4798 5.7664 5.6910 4.2145 1.1992 1.2340 3.3610 2.7494 2.5923 2.9386 2.7778 3.1305 2.2612 1.7369 2.2262 2.3706 1.9844 1.6671 1.2155 2.4038 1.6062 0.9014 1.0025 0.9996 2.1577 2.5113 2.5967 1.1846 0.8102 0.8021 1.2696 1.6224 1.1864 0.5729 1.4176 1.8725 0.6357 0.8030 0.8263 0.7639 0.5124 3.6508 8.9882 13.1777 10.4377 5.0182 6.3529 10.6162 11.4271 8.4641 0.9448 2.2163 0.1620 0.3895 2.0649 3.0926 2.6448 3.3186 3.2754 1.8597 2.4918 1.7183 2.3287 1.2299 1.8011 2.3315 2.2242 1.2227
0.9301 2.8965 5.5143 5.3819 6.3379 4.3308 1.3063 0.8617 1.3545 4.3375 3.8842 2.4252 2.0748 2.9307 3.1570 1.8273 1.3885 2.6816 2.4956 2.2538 2.0293 0.2161 1.7184 1.4637 0.9579 1.6043 1.2422 1.0390 2.1380 3.5105 1.6949 1.6949 1.9726 2.6074 1.8992 1.2137 1.2718 2.0019 1.8344 1.0937 1.5318 2.7576 1.8597 1.5361 3.5347 4.6213 8.1946 10.5854 11.1572 8.2083 2.8606 12.6054 10.2021 0.0540 1.7812 1.2747 1.5394 1.1483 1.1489 2.8789 4.8245 3.9574 1.3663 2.4886 2.0674 2.4621 0.5361 0.2562 1.9656 1.9065 0.9556
1.6819 4.7711 6.8178 4.9981 3.7630 2.8652 2.3521 1.9447 2.6368 3.5935 4.8090 1.7289 0.9054 3.2893 2.8246 1.5745 1.2316 2.7925 3.2109 1.7222 2.1503 1.5731 2.3834 2.6294 1.3690 2.1086 1.7150 1.1444 2.4754 3.9504 1.6649 0.3988 0.8583 1.1394 0.4786 0.5729 0.9857 1.8522 2.4812 1.4898 0.7874 0.2701 1.1122 1.0756 3.4337 4.1577 2.4435 3.3791 11.0671 14.2270 0.8165 15.2480 11.3844 0.8617 1.1394 0.2674 1.0943 1.7390 0.4965 1.1135 3.5533 4.8574 1.0701 2.4414 1.6802 2.8338 1.8092 1.4089 1.2156 1.5064 1.9187
2.6787 6.7306 5.8067 2.0193 3.1116 3.1013 1.6403 2.2212 3.4092 3.9517 3.9265 1.6491 1.5662 3.0186 2.1013 1.8428 1.2655 2.9448 3.1291 1.5745 1.6579 0.3932 1.4517 2.1855 1.4976 2.4144 2.1465 0.2416 1.6491 3.7000 2.1775 0.3624 0.1528 1.5577 0.2909 1.0701 0.9364 2.6990 2.1845 1.0721 1.0148 1.1122 1.2077 0.5730 1.4977 1.5294 0.8412 3.0436 13.4215 15.0751 4.8562 16.0000 11.1367 1.1634 1.5550 0.7677 0.7176 1.2434 1.1336 0.5979 2.4929 4.0680 2.9809 3.1900 3.5633 2.9806 2.2058 2.1397 2.2343 1.5675 1.9022
4.7093 5.1574 2.1732 2.1655 2.8091 3.3672 3.2109 2.3412 3.2433 3.7304 2.6892 1.7289 2.1978 2.7167 2.1776 1.2562 2.0376 3.4372 2.8369 0.9579 1.4972 0.9198 1.1284 2.7865 1.5006 2.3663 2.7295 0.8342 1.5351 3.2055 1.6737 0.6171 0.8583 1.5049 0.2562 1.1102 1.5285 2.5464 1.2655 0.9548 1.9126 0.2674 1.2985 2.5677 5.7907 11.7550 16.6576 18.8118 11.1217 3.5836 13.1790 15.8870 8.4262 2.1815 0.7416 0.1948 0.3819 0.4219 0.9237 1.2156 1.5294 2.4444 2.4860 3.1619 2.4742 2.2476 1.5005 0.7687 1.4672 1.4376 1.4176
1.7878 2.7014 2.8484 2.2692 2.7523 3.6189 4.4659 1.9469 2.7100 3.8188 1.6038 1.3796 2.3109 2.6560 2.6341 1.0319 1.9854 3.8249 2.0650 0.8093 1.8803 1.4212 1.2227 2.2919 1.9469 2.5378 2.3681 1.5016 1.6282 2.4279 1.4011 1.2695 1.6776 0.1575 0.7176 0.4131 1.3388 2.9050 0.7416 0.9433 2.0772 1.7030 2.2663 3.8307 11.0476 14.1739 12.5202 7.5462 4.0186 11.9270 15.5615 11.0822 4.7105 1.7983 1.1394 1.2923 1.1310 1.5773 1.3985 0.8941 1.5712 1.7894 0.9167 1.5107 2.9157 2.2906 2.2212 1.5371 0.8718 0.9014 0.3604
3.6813 2.8675 2.5956 3.7388 2.3548 2.7886 4.4641 1.2203 2.3819 4.7032 1.9458 1.1102 1.8364 2.5600 3.1246 0.8726 1.8108 3.5998 3.0931 2.2028 2.0250 1.4696 1.4089 2.9028 2.0440 2.8010 2.7054 0.7011 1.1992 1.5731 1.0612 2.1975 2.2058 0.7043 0.8916 1.6344 1.5507 2.0207 0.0382 0.7677 0.5742 1.7390 2.5378 6.3556 11.5108 6.0089 8.6240 12.8120 14.1106 10.8491 2.1547 1.7951 1.1336 1.5446 1.8048 0.7534 0.6670 0.2701 0.6885 0.6299 1.4829 1.0113 0.7533 1.2180 3.0531 2.0706 1.3257 1.0619 0.2416 1.1766 0.8377
2.2262 2.0856 3.8968 3.6343 3.1911 4.2090 3.9348 2.8397 3.3861 4.5206 2.7486 1.4542 1.4977 2.7547 3.2703 1.5394 0.8818 1.8726 2.8877 3.1293 2.6182 1.7448 1.7230 2.1120 1.4084 2.5712 2.4754 0.9487 1.2510 1.6702 1.6566 2.0121 1.3388 0.7874 0.9556 1.8252 0.8174 2.0968 1.1102 1.6246 1.6403 1.9773 4.7458 8.9261 9.0593 4.2063 7.4506 7.7845 8.3786 2.5113 1.1464 1.4736 0.5562 1.4089 1.9548 0.5930 0.4980 0.3150 0.3263 0.6403 1.3690 2.4252 3.1376 3.4031 2.3074 2.6938 1.7162 0.3762 0.7022 2.1086 1.9319
0.4615 2.8028 4.5764 2.3807 1.3285 3.0531 3.9372 2.1343 2.5165 4.5897 2.8634 1.1076 1.5657 2.8150 3.3074 1.0870 0.2983 1.9507 3.2703 3.5623 1.7784 1.8431 2.6582 2.2457 1.3502 1.9092 2.4147 2.6989 2.5312 3.5676 2.5266 0.9760 1.0564 1.4192 0.6801 0.2323 0.7377 1.1937 1.2469 0.9079 0.9433 0.1910 3.5623 11.3717 5.6433 5.6550 2.4458 6.8513 8.5698 0.6886 1.4053 0.9737 1.9811 1.8455 1.0090 0.4966 1.2973 1.2764 1.2695 1.0563 0.4662 0.8818 1.9296 2.8870 2.5275 2.3917 1.1489 0.2324 1.0997 2.1435 1.5915
1.2156 3.8370 4.6504 1.7784 1.5132 3.6084 3.8361 3.8716 3.2822 3.8549 2.3892 1.4171 2.7778 2.7865 2.3020 1.4084 0.8659 2.2157 3.0386 3.0816 1.7983 1.8392 2.2196 1.0782 1.5208 1.9726 2.2157 0.8908 0.3080 3.1496 3.3447 1.4315 1.0025 2.3810 1.1489 0.7043 1.5699 1.6451 1.1336 1.7369 2.5043 3.3107 5.0004 12.3661 7.9166 6.3664 5.6718 9.5831 11.8994 7.2943 1.3257 1.2275 2.1370 1.5370 1.0047 1.0996 2.2785 2.0888 2.4577 1.7603 0.7975 3.0170 2.6185 2.2682 1.4258 0.3820 1.3901 1.3690 1.1641 2.0832 2.3240
1.1992 3.8931 4.4704 2.3521 2.1010 4.0509 4.4301 3.1097 2.0465 3.5500 1.9507 0.7267 3.2489 2.3291 1.6636 1.0169 0.9175 3.4535 3.5771 2.1384 1.0755 2.3819 2.5378 1.2649 1.6461 1.7269 2.0508 1.8784 2.0290 3.1478 2.6293 0.6833 1.9297 2.2058 0.0764 0.9579 1.2609 1.3769 1.1023 1.6820 2.1869 0.8659 1.4207 12.2076 10.7890 9.8792 6.0260 5.2264 13.0768 13.1997 3.3124 1.2316 1.1076 0.9556 1.7099 2.4038 1.7099 2.1251 2.7885 1.8644 2.2261 2.7613 2.3400 1.2077 0.8437 0.8245 1.5582 1.6487 1.6544 2.0832 2.9574
2.1085 4.3940 3.5172 1.8522 3.1006 4.4781 4.5208 3.1880 1.5218 2.8977 2.0902 1.0803 3.4692 2.1925 0.4980 1.2695 1.8431 3.4725 3.2493 1.6030 1.5351 3.1747 1.7632 0.3820 1.0284 2.6979 3.1151 2.1533 1.3690 1.8432 2.4243 1.2562 1.5351 1.2077 1.2973 2.5677 1.4208 1.3063 0.9324 2.9762 2.6971 2.7695 0.9238 5.8387 11.4278 12.7414 10.6539 13.2742 7.9110 16.3834 2.9720 1.6806 1.7950 2.4198 1.4299 0.3839 0.3264 1.7013 3.2807 3.9237 3.1151 2.7883 1.7800 1.4259 1.0762 1.2968 2.7231 2.4988 2.2408 2.0121 1.1858
1.9137 3.5347 3.3245 2.6194 3.1293 4.4372 4.1226 2.0790 1.4893 3.1031 2.4636 1.5218 2.4538 2.4053 1.4380 1.2764 0.9174 4.1562 3.5464 0.6218 1.9503 2.7529 2.1412 1.4375 1.3141 2.0863 2.4279 1.9566 2.7332 3.6582 2.6884 2.0762 2.1624 1.8726 1.6057 4.1148 2.3770 1.6522 5.2261 4.5141 5.2768 2.2262 1.6871 2.8481 2.4774 3.4547 8.4402 14.5771 9.8336 17.0690 3.1115 0.9433 1.9711 2.3337 1.6597 1.3454 0.4454 0.4114 2.0706 1.5545 0.5640 1.4212 2.8029 1.4437 1.3153 1.5006 1.4937 1.2077 1.4517 1.6566 0.4060
1.8804 4.5238 4.7321 2.9954 2.3521 4.5028 3.6669 1.3562 2.1058 3.3316 2.6481 1.1135 2.0037 2.8005 2.3287 1.5064 1.3985 3.2073 2.8990 1.7319 2.2871 3.3732 3.2513 1.9398 0.9760 1.6819 1.8217 1.5204 2.2301 2.8733 2.9574 2.4294 2.0160 1.9469 2.3902 4.0049 1.6910 2.0354 2.9028 0.9579 3.3958 4.4658 7.6591 8.0297 12.5623 12.7114 8.4902 6.9685 9.5166 12.3457 0.6918 1.7415 1.8486 1.3035 1.3169 0.8793 1.1464 1.3191 0.4355 0.4599 1.4751 2.3598 2.7995 1.4315 1.3074 0.9996 1.6237 1.6237 1.9458 1.8581 0.6594
1.1616 4.7537 4.8730 2.2985 2.9857 4.6163 1.7077 0.7524 3.2052 3.7329 2.2702 1.1790 1.6451 1.8838 3.2134 2.4108 0.8437 1.8726 2.5116 2.7175 2.2343 2.2068 2.1909 2.5278 2.7431 2.7111 1.9023 1.1765 1.4042 2.7697 3.0969 2.2225 2.3916 0.4980 1.5247 3.4169 2.0333 2.5378 5.3712 4.3940 3.6175 1.6880 1.0425 3.1416 10.7876 7.4165 8.4240 10.8211 11.4196 7.6271 0.4113 0.4725 1.5351 1.1765 0.5930 1.2764 1.6029 1.3453 1.1864 1.3372 2.6049 0.8102 2.9806 1.3036 0.8165 0.3080 1.1716 1.4532 2.2833 2.9463 1.9979
1.7886 4.9737 4.4379 1.2316 2.9976 4.1902 1.4411 1.2328 3.6247 3.3938 2.1288 1.3663 1.8092 1.4350 3.2849 2.4672 0.9449 1.6819 2.1705 3.4719 0.9738 0.9301 2.1546 1.4830 1.9869 2.5113 1.2603 1.7449 2.5473 2.8520 3.5536 2.8367 2.5473 0.3839 0.5818 2.4351 1.0425 2.0888 1.7432 2.2343 3.9669 5.2812 6.1920 9.2459 8.9277 5.3786 15.6895 7.8531 1.3052 1.0618 0.9182 0.1948 1.3985 1.6313 1.6910 1.5208 1.5394 1.1239 1.2316 1.2059 2.2067 1.1992 1.1445 0.3241 0.4966 1.0755 1.2810 0.9055 1.7453 1.0591 2.4360
1.8140 4.6499 3.1927 1.2227 3.6716 3.4507 1.1685 1.8443 2.8877 2.5165 2.2120 2.1503 1.9065 1.0618 3.2939 2.7823 1.7222 0.6218 2.1003 4.2560 1.6949 0.2909 1.6402 0.8583 1.8714 2.9923 2.4351 2.0525 1.8145 2.1792 2.9801 2.4813 1.4937 0.8916 1.5601 1.9477 0.4600 1.4042 1.4874 1.6858 1.6224 1.5915 0.4271 11.0526 8.3599 7.2740 11.5016 5.3807 2.6949 1.8392 2.5968 2.4813 2.6580 2.1370 0.8030 0.2161 0.9174 1.0563 1.3169 0.4454 0.6039 1.4637 1.6859 1.2511 0.3820 0.4786 0.6323 1.3240 2.0508 1.8092 2.0561
1.8725 3.8888 2.3962 1.5582 3.3614 3.4429 2.4586 1.8900 1.7602 2.1343 2.2216 2.2909 1.7898 2.2919 3.7411 2.5833 2.2785 1.7099 3.2596 4.5798 2.0297 1.5446 2.5113 1.2804 2.3819 2.5578 2.1978 2.6580 2.3360 2.2261 2.4886 3.0052 2.9933 2.4207 2.0561 1.1239 1.8581 1.6451 1.2137 1.2597 2.5092 3.8709 3.1623 9.9049 6.3909 5.2615 12.7783 10.3958 2.4252 2.0440 1.5745 2.9574 2.7697 2.7324 1.5261 1.4151 0.7837 1.9091 1.2643 1.1180 0.5942 0.9549 0.5429 0.3933 0.2323 0.7416 0.6159 0.3286 1.4130 1.5351 2.1815
2.6805 3.9969 2.0621 1.1515 2.8929 3.4748 2.4053 1.4937 0.8030 2.6293 3.0893 1.1464 1.2985 1.4859 2.5231 1.7415 1.5727 1.9323 2.9356 3.0042 2.2261 2.3112 2.5142 1.6579 1.8092 3.1680 3.0359 2.0161 1.9092 1.5107 2.5196 1.7984 0.3820 2.7399 2.9492 1.0816 2.1766 2.2682 0.8709 0.8949 1.1597 0.5843 1.8850 4.0043 10.3517 8.5917 14.6998 15.6027 4.8126 1.4212 0.6593 1.1135 1.3775 1.1284 2.1343 2.4857 1.6841 1.9637 1.1790 0.3241 0.7297 1.4492 1.5285 1.3754 0.8058 0.7837 0.5024 0.6970 0.9549 1.1938 1.9065
1.4259 3.7388 2.9068 0.8030 1.9726 3.4059 2.7253 1.8632 1.5957 2.7124 2.8611 0.9960 1.1937 1.1956 1.5160 2.3023 1.9308 2.3241 2.6732 1.7602 0.9238 1.6906 2.4721 2.4144 2.4886 2.7885 2.6026 2.4198 2.2910 2.3439 2.2028 1.8093 1.3502 1.7582 3.5172 1.1233 1.3502 2.5872 1.1342 0.7524 1.9296 3.6469 4.1057 5.3484 10.6890 12.1862 5.2631 14.2700 7.9367 1.2747 1.7619 1.4894 2.2938 2.2576 2.4443 2.6949 1.2340 2.2833 0.8377 0.4786 0.7533 0.6833 1.1616 0.1146 0.2780 0.6758 0.7347 0.6593 1.6425 0.9662 0.8709
1.3235 3.2109 2.8829 0.7648 1.5731 3.7830 2.1058 0.9433 0.9055 2.7035 3.5248 0.9182 1.4691 0.6171 0.9760 1.9774 1.8714 2.8634 2.4860 0.6039 1.1135 1.7894 2.1925 3.2875 3.0721 2.6057 2.5165 3.1809 2.0160 1.0869 2.3440 1.9092 1.1483 1.4207 3.2763 1.7251 0.8377 2.2261 1.2838 0.5678 0.5929 1.4376 2.6135 3.9178 9.6963 13.2981 3.1097 12.3454 8.2799 4.5033 4.3768 1.0248 1.7553 2.2577 2.0240 0.3781 1.8253 1.8620 0.6670 0.8480 1.0025 1.3796 0.9199 0.3623 0.6504 1.1181 0.9238 1.4557 2.0164 1.7714 1.1956
0.0764 2.6917 3.6269 1.8140 1.5952 3.2377 1.4380 1.7767 1.5550 1.3125 2.8849 2.5552 3.1763 2.1708 0.6970 2.1985 2.5881 3.4635 3.8205 3.4568 3.1582 2.9015 2.1206 3.1729 4.3488 2.1975 2.0250 3.9969 2.3745 1.3415 1.4269 1.1135 1.6061 1.7390 2.7423 1.5394 0.8411 2.7279 1.8336 2.1278 1.9126 2.9976 2.0044 2.6801 5.6809 11.3063 6.7161 7.7087 10.7077 9.5764 11.8942 12.3885 8.2126 1.7013 0.9556 1.1956 1.0701 0.6505 0.8227 1.2747 0.4980 1.0284 0.6875 1.1239 1.7590 1.2077 1.6806 2.2985 2.8522 0.3604 1.0536
0.9548 1.8141 2.7660 2.7423 3.2627 3.0645 1.2695 1.9470 1.0653 1.4874 2.3074 3.5998 3.8005 3.2381 2.3299 2.6049 3.1228 3.1582 4.2474 4.6519 4.7061 4.1562 3.1267 3.3653 4.0049 2.5745 2.9118 2.9157 1.9084 1.7519 2.4530 1.7052 1.5582 2.4159 1.9095 1.5394 1.3388 2.2785 2.0164 1.4130 1.5661 2.3755 1.5893 1.1797 4.4898 10.3263 10.9395 7.6168 7.6045 3.1728 6.6287 12.6445 12.9381 8.0377 0.7874 1.8522 1.4135 0.4455 0.8245 1.2528 0.6538 0.3264 1.6910 2.1384 2.3810 1.6473 0.6265 0.9997 0.6768 1.6425 1.6116
0.8454 1.4350 1.6957 2.5205 3.7049 2.4789 1.3631 1.8710 1.9844 0.2781 1.9488 1.9888 3.8029 3.8377 2.0856 1.6680 2.6634 2.8163 2.4669 2.1058 3.5788 5.1924 3.8732 3.4220 4.3284 3.5682 3.4389 2.5220 2.4669 2.5948 2.7164 1.2810 1.4874 1.9932 1.6116 1.8710 1.3545 2.3917 2.3663 1.2180 0.4270 1.8301 0.9433 0.3604 2.1856 6.4069 12.1808 13.5834 10.8856 9.8016 11.3914 4.5745 15.6095 9.9216 2.5043 1.7013 1.1962 0.4966 1.1016 0.6800 0.6757 1.0564 1.7569 1.9533 2.1465 1.0262 0.3056 0.5429 2.0218 1.5657 2.7035
1.5203 1.0863 1.4335 3.5248 3.4433 2.3810 1.3885 0.9111 1.9176 1.8092 2.8482 2.0526 3.2915 4.4098 2.8441 3.2876 3.5592 4.2090 1.5507 1.2059 2.4458 3.7855 4.1443 3.7854 3.6716 4.6867 4.6574 2.0033 0.9364 2.7621 3.7017 1.2626 1.5371 1.9095 1.2077 1.9003 1.8506 1.9946 2.5049 0.7267 0.7207 1.7767 0.6671 1.2227 0.4321 1.5318 2.7528 2.4174 3.1662 13.2807 11.2512 4.3217 15.6095 11.5067 1.6841 1.8772 1.2695 0.8990 1.4006 1.6224 2.0044 1.6314 0.6757 0.2446 0.7416 0.3839 0.7207 1.3241 1.8651 0.4786 0.4599
1.8427 1.6152 1.1962 2.6719 2.2457 2.3212 2.4754 3.0759 3.9969 3.5098 2.9327 1.5294 2.3190 4.3405 4.5906 3.6825 2.4622 3.8038 2.3810 2.4683 3.0879 4.4472 4.7890 3.7158 4.4861 4.9765 3.6070 3.3131 2.3810 3.5822 2.9563 0.7874 2.6995 2.3598 0.8174 1.2838 2.5231 2.6340 1.7947 0.7347 0.5139 4.0519 4.9483 5.0458 3.7743 4.5294 5.0657 6.3295 10.9675 10.7388 1.4177 11.9345 12.8132 6.5116 2.7862 1.6260 1.1956 1.1394 1.6211 1.0248 1.0084 0.6886 0.7649 0.7523 0.9199 0.5561 0.9449 1.5699 1.2695 0.9182 1.7319
1.5578 1.5952 1.9126 2.3672 1.5208 2.3761 3.0567 3.9289 3.6621 3.0837 2.3807 1.4830 1.6806 2.8849 4.3753 1.7222 2.0326 3.3818 3.2816 4.0083 3.8529 4.0087 4.3088 4.5174 4.5174 5.0842 5.2883 4.1073 2.3440 3.8669 2.9364 1.9506 2.5304 3.8461 1.0112 0.0540 2.8300 3.0414 2.0121 1.2434 0.8403 4.8503 5.0233 5.9457 4.7381 4.2493 4.2906 7.6329 8.0605 4.1434 14.5605 15.5333 10.5751 3.3610 0.9111 1.4542 1.2299 1.6313 1.5016 0.9548 1.1691 0.9640 0.3079 0.2983 0.4892 0.3150 0.6886 1.7963 0.2562 0.9670 0.5469
1.6211 2.3400 2.1614 1.4517 1.0870 1.9533 2.0621 2.1815 3.2325 3.9502 3.7411 2.5663 1.2510 1.0755 2.7247 2.0561 2.1179 3.0553 3.0551 2.6349 3.3151 3.3683 2.9586 5.0434 5.4900 4.4748 5.2235 4.4175 3.6078 3.6716 2.7295 1.0277 1.7150 3.8476 1.7689 0.4114 3.0538 2.6051 0.9571 1.6650 1.9473 5.9405 3.8135 2.2031 2.8520 2.0365 1.1464 10.0802 4.4472 9.6177 10.1126 3.0342 1.0870 1.1239 0.7734 1.2227 0.9238 1.7581 1.1846 0.4471 0.5678 0.6218 1.1840 1.4258 1.1616 1.0390 1.3301 0.9579 0.0764 0.5508 1.0721
2.7956 3.2763 2.1985 1.3711 2.9544 2.6938 2.2261 1.5699 1.5671 1.9503 2.7260 3.4135 2.5621 2.3635 3.2798 2.2731 2.8369 3.2184 3.2614 3.6463 4.1879 3.6637 3.6341 5.9238 3.8377 3.4809 4.9766 5.0397 5.0876 4.3309 4.5366 2.9015 1.5947 3.5388 2.1230 1.6437 3.0177 2.8504 2.0508 1.7951 0.9079 3.7037 4.8083 2.3222 3.4817 4.0423 4.3986 10.6272 2.3359 12.5272 4.5486 4.3786 2.4159 3.4030 0.4965 1.9566 1.3052 1.5587 1.1895 2.5395 1.6460 1.7995 1.4913 1.8507 1.4192 1.6702 1.1016 0.2701 0.4219 0.2909 0.5124
1.8153 3.0931 4.2406 4.9585 4.5897 3.2542 3.5771 3.4640 2.6294 1.6224 2.3614 2.1206 2.4645 3.1626 2.9996 1.5549 1.6579 1.5375 2.5652 3.4925 3.6102 3.3750 3.4826 4.8835 4.6043 4.8775 4.7977 5.5293 5.9549 5.5507 5.2351 4.1275 3.7382 4.2518 4.7061 4.2744 5.8408 6.1554 5.6763 4.2596 2.4267 2.8091 5.0691 4.4951 6.5651 3.6311 3.3317 9.6539 3.3034 6.1418 5.8762 9.7734 8.5817 8.3119 0.7247 1.7415 2.7279 6.0299 8.0305 10.6272 11.2852 12.0893 9.2601 5.0999 2.0790 2.4886 1.0809 0.9915 0.8228 0.6264 0.9230
1.6841 3.7998 4.6094 4.7295 3.6433 4.0823 3.5761 3.6717 2.1010 1.9447 1.7077 0.6768 0.0000 2.5275 2.8153 1.5247 1.1992 1.3770 2.3761 2.5008 2.8400 3.1582 3.6671 3.7881 4.5498 5.5920 5.7232 4.7236 5.9467 4.9586 3.9598 4.5020 4.2498 5.4171 5.2654 4.2871 4.2447 4.8229 6.1496 5.9074 4.0760 3.6574 4.6094 4.5486 7.4709 8.0781 6.4852 8.5321 5.2352 3.5805 6.8830 8.8678 12.7079 14.5494 12.8288 6.8173 3.2341 6.3155 7.7072 7.3280 8.1458 10.3921 12.2630 9.7006 2.1411 1.8048 0.4725 0.3522 1.1962 0.7611 0.3624
