GISData/GIS_slope_15.txt
ncols         200
nrows         200
xllcorner	0.0
yllcorner	0.0
cellsize      15
[rows 128 to 159 of 200, columns 71 to 141 of 200]
1.3063 1.0782 1.5507 5.6533 12.2715 2.3073 9.1903 9.6092 6.1506 1.7065 5.4763 4.7167 5.2307 7.6373 12.4441 9.7347 14.4616 14.6041 13.4321 8.6652 5.7942 9.8884 13.2295 0.9760 0.6572 2.0336 1.5108 1.7289 2.1604 1.4672 1.6961 3.5017 13.0543 9.0186 13.0000 10.0601 3.1228 2.1026 1.1394 0.6572 0.1575 2.6800 2.2906 1.6531 1.6282 0.6886 2.4243 1.3901 1.6425 0.3521 2.5779 2.0772 0.6671 1.7030 1.7602 1.2487 2.2881 1.4207 2.0561 3.3683 4.8877 3.1561 1.0390 1.0487 2.1086 1.6776 2.8728 2.6906 2.2147 0.7043 2.5804
1.1937 0.9960 1.0809 6.2112 10.5746 7.7322 5.3177 15.1318 15.3894 10.0940 2.6952 1.6057 3.4065 9.4288 15.5454 16.3126 14.8517 9.9600 6.2447 7.6157 14.3847 9.0860 17.7811 0.6039 1.2923 0.2562 1.7077 2.9408 3.5347 3.0266 3.1434 3.0040 10.1250 9.0766 5.5235 12.4832 4.1121 1.7149 1.2923 1.6636 1.3796 1.2695 3.0731 4.6144 4.0659 3.5909 3.9126 1.8807 2.5378 0.1146 2.8397 3.1293 3.2986 2.5962 1.3035 1.4751 1.9126 0.8710 3.2118 4.8730 3.2493 2.7102 1.6526 0.2701 1.6282 1.4376 1.5698 2.9652 2.3499 0.7043 1.8237
6.0112 2.5378 2.6491 3.3853 5.5027 13.2692 14.2046 12.2610 3.1911 5.3956 8.0010 3.4809 3.5363 3.6149 5.3496 4.5869 3.1982 2.6819 7.2723 7.4965 12.8663 6.6168 17.9565 1.1858 0.8102 0.7012 3.8330 5.5639 6.4737 6.7341 4.3596 2.5206 5.0225 11.4371 6.8156 9.8681 5.6100 0.8201 1.3007 1.4637 2.1705 1.2810 0.8583 1.2204 0.6970 1.7751 2.4768 3.1137 2.1975 1.4830 1.8850 1.7714 4.3882 3.6148 1.8364 1.5451 1.0112 1.6398 3.8931 4.9935 2.6721 2.3487 1.3301 1.4542 1.6819 0.9640 1.0284 3.1125 3.2915 2.2881 2.3400
13.6479 8.9918 1.3141 2.1815 1.8253 8.7250 13.7957 16.6016 12.4589 3.0208 8.5147 8.1401 1.7030 1.1155 0.7267 0.6218 0.9487 1.9855 5.6421 7.8260 14.6525 1.4269 16.8220 9.1055 2.9210 1.2155 5.0003 5.8428 3.8068 5.0187 1.0341 0.9456 2.9867 4.6219 2.8877 7.0375 6.3324 1.1846 1.4859 0.7790 1.2299 0.9760 1.6544 1.9126 0.4615 0.2754 1.3285 2.6560 2.9828 2.5959 1.3880 0.6265 0.7524 2.0762 2.5243 1.8333 1.6906 1.7950 2.9923 4.7050 2.6015 2.3613 0.8120 1.8431 1.9439 1.6211 0.8174 0.9640 2.0526 2.3755 3.0968
10.9802 14.7511 4.0518 0.9760 2.7841 3.0994 3.4026 7.5511 13.1034 5.6284 11.7233 10.1664 1.0591 1.5993 1.2227 2.0547 1.7632 1.5318 4.6630 7.7510 15.2883 8.6628 9.8838 8.2671 2.8284 0.7297 6.1991 6.8178 2.2785 6.8820 3.3430 5.7833 7.3225 7.4969 2.3810 1.2227 5.4967 3.7614 1.7853 0.9238 1.0026 1.0487 2.1360 1.7878 0.9394 0.8377 0.4891 0.6832 0.1910 0.9931 2.0326 1.7251 1.0248 1.7669 3.1402 1.3901 2.0901 2.6554 2.5464 2.6324 3.4798 3.6161 1.4177 0.7734 1.3562 2.1705 1.1616 0.9571 2.2986 1.3454 1.6531
1.9217 13.8947 16.9357 17.0251 17.5476 14.8947 12.3931 8.5262 9.6902 0.9737 10.1728 8.7257 1.0284 1.2603 1.7570 2.3338 1.4542 0.8057 0.9916 1.4542 8.6085 12.4443 5.8102 5.5192 11.4129 3.4294 4.6431 6.6255 2.5957 7.8719 2.2769 10.9725 8.0566 7.6489 4.5374 2.4930 4.2839 2.3892 1.6840 0.2416 1.3985 2.1624 1.6579 0.9548 1.4557 0.6886 1.5601 0.6111 1.1987 1.9175 3.7438 1.4977 1.9574 2.0695 2.9373 1.6949 2.2408 2.1708 2.5601 1.7520 2.0663 2.9463 2.2261 1.6637 1.4913 2.0632 2.6057 2.3083 2.4813 0.9238 0.5402
11.1416 8.0021 4.7442 0.4600 5.6084 6.1161 10.8869 12.6200 8.9079 9.3587 13.8928 4.7674 0.8916 2.0547 2.2989 2.4159 0.7975 1.3257 1.2185 1.3796 0.9487 4.5684 8.7941 4.9627 12.7740 15.2963 12.6324 6.1488 4.1297 7.4632 2.1765 10.6602 9.2751 6.0546 7.4709 3.5149 3.5256 3.2381 1.1992 0.6571 1.6820 1.8745 1.1135 1.2923 2.6459 0.7417 1.1956 1.8957 1.2968 1.0863 1.7188 1.1343 0.9738 2.0649 1.5892 0.9238 1.7415 2.9859 3.8641 3.0061 2.7420 2.9157 2.4389 3.1304 2.3300 1.9932 1.3240 2.1533 2.7024 2.2163 1.5064
12.0520 14.9102 14.9848 15.1275 14.1761 11.1858 6.8612 4.4982 6.7404 11.1473 8.8329 0.4832 1.5247 2.4111 2.1611 1.7800 1.1336 1.2137 2.2846 1.9726 1.2222 1.5049 11.1793 11.2795 2.4485 8.7632 11.6517 8.0222 9.5297 6.6038 0.2161 7.5693 10.2614 2.3064 10.2856 8.8293 3.2763 2.0037 0.4647 0.7725 2.2910 2.1030 1.6789 0.4131 3.4213 0.7247 0.8201 1.6247 2.1082 3.2206 2.2538 2.3338 2.4927 2.6293 1.3323 1.0591 1.4171 2.0508 2.7715 3.4719 5.4953 3.6622 2.9045 3.3284 2.7332 2.4444 1.5745 1.8772 3.4389 4.9206 3.8484
3.1570 0.0854 0.8859 4.2637 3.3545 6.9227 11.2953 16.7181 15.9771 12.4691 5.0920 2.5518 2.1708 1.8969 1.2695 1.0563 1.0390 1.0701 1.1962 1.5351 1.4135 1.3902 4.1296 11.0451 13.9685 13.7152 7.7051 4.5670 13.3897 9.7646 1.9477 3.1618 12.5596 7.3290 9.6884 10.4923 8.0821 3.2172 0.9055 1.3235 2.3907 3.0931 2.7523 2.0294 3.4786 0.7581 0.7416 1.2563 2.0465 2.6015 0.1708 0.5508 3.0458 2.7231 0.4270 0.7874 0.2781 0.9433 1.8012 2.0045 3.9989 3.4819 2.6426 2.4111 2.8052 3.5925 3.1100 3.0457 2.5601 3.5135 2.8606
1.0312 1.7051 3.5332 4.1254 1.7602 4.0702 5.1568 4.4353 3.1760 0.6264 2.2935 1.5280 1.0870 0.6403 0.2701 0.8818 0.7677 0.7533 0.9448 1.2695 1.8188 3.3853 1.6750 5.0110 9.5452 14.2710 16.9883 8.7580 9.5204 10.9422 4.2130 2.1415 10.4404 10.3408 0.2416 9.5023 11.8714 3.8821 0.4271 0.8710 2.0617 2.5464 0.6403 0.5469 2.3359 1.8958 1.5208 2.5165 2.5484 3.2823 1.5131 1.2155 1.3008 2.6324 1.6057 0.8540 1.1616 1.9095 1.8597 1.7569 3.2129 2.3916 1.0277 1.5049 2.1935 3.9504 2.6800 2.3974 2.0832 2.1865 0.8201
2.8774 3.4566 4.5695 5.0089 5.2198 4.7969 4.9881 0.4786 0.4219 0.9820 2.5116 1.6961 1.9573 1.8538 1.6029 1.8237 2.3718 2.6357 2.8266 2.6459 1.4212 0.6538 0.3079 1.8344 1.6451 4.1888 10.9156 15.8694 9.8000 1.9217 12.3750 14.3684 6.2129 3.5998 7.8641 4.8125 13.8739 6.5018 1.7689 1.0863 1.7602 2.0044 1.3711 1.3035 1.3074 1.7201 2.1058 0.9549 3.0700 3.0061 2.7483 2.4556 2.5541 1.9979 0.3895 0.9487 1.3561 1.2655 1.4893 0.6800 2.1839 2.9425 3.2206 2.9964 3.3549 4.1296 2.0465 1.4212 2.6182 2.9806 1.5413
3.1398 4.2692 5.5345 6.7267 6.6312 4.0352 3.3166 0.5195 0.7639 0.7376 1.7631 0.9908 1.6326 2.1288 1.9887 2.4482 3.0912 3.7614 3.6510 4.4006 3.4591 3.4220 1.6802 2.0667 1.0083 1.3432 1.1858 6.7038 9.9095 9.6145 12.9809 13.7630 13.7261 7.5226 9.8064 2.5620 13.8122 8.0263 2.1058 0.7104 1.2137 0.6875 0.6159 1.7951 0.8917 2.1251 2.5243 1.4860 1.5451 3.0242 4.4132 4.3142 3.3421 1.4356 0.6171 0.5428 0.8710 0.8709 0.6039 0.3820 1.9323 2.6118 3.4169 2.9065 3.3001 4.3887 4.1916 2.7054 1.9637 2.9426 3.1674
2.2561 2.4108 1.8648 1.7302 2.3852 2.4174 2.7634 1.3007 1.4874 0.9959 1.7486 1.6425 2.0745 2.5096 2.7694 3.2827 2.8266 3.2816 3.8529 3.6872 2.9623 2.9445 1.3431 0.5468 0.4584 0.7837 0.9246 0.8540 14.5733 16.9337 2.9742 1.9126 7.1174 6.9265 8.2358 3.1041 12.8836 9.4623 2.2457 0.5429 1.4269 1.9274 1.8108 1.9656 0.8094 0.7347 2.1985 1.3880 0.2416 1.2434 1.7894 4.9778 5.3209 4.3833 2.7035 1.4751 0.9856 0.4060 1.0803 1.4617 1.3843 1.0508 1.0112 1.5952 1.3513 1.6522 2.7324 2.3745 1.3545 2.7260 2.5427
1.9473 1.5030 1.7183 1.9274 1.6671 2.3372 1.1715 1.0755 1.8471 2.2225 3.0493 2.5464 2.4159 2.4077 2.9769 2.9767 2.7167 2.5197 3.2966 3.3369 2.4279 2.8176 1.6057 0.7176 2.2985 2.3733 2.2398 0.4980 14.4905 15.7146 6.7161 10.1157 8.3935 4.4280 2.5378 4.3410 11.5247 7.9896 2.1866 0.5195 1.4171 1.9095 0.8917 0.7874 0.3762 1.0488 2.2300 2.0008 1.9274 0.4355 1.0936 3.4471 3.7159 3.2395 2.2947 1.9274 1.7268 0.8642 2.3810 2.0149 1.9707 1.4350 1.7656 2.1360 2.2486 1.6806 2.4479 1.7453 1.6636 0.8617 0.5678
2.5677 1.5772 1.8969 1.7718 1.9096 2.2261 2.1435 1.7975 1.7951 2.6357 3.0948 2.9357 2.9507 3.1870 3.4725 2.9777 3.2118 2.5298 2.8611 3.0385 1.9803 2.3770 2.4839 1.8392 2.5464 2.2137 2.0902 2.4742 11.1526 15.5108 5.0607 8.7044 6.5546 8.0685 8.9104 7.9222 9.1516 6.6480 2.1909 1.8344 1.1641 1.8427 1.5261 1.4151 0.9079 0.6505 1.3366 1.4691 1.8772 0.9916 1.1993 2.4062 2.9860 3.0302 2.7550 2.3834 3.7483 2.8028 3.4597 1.7432 1.7829 1.7951 2.4586 2.4443 3.8221 3.4016 3.8387 3.1952 3.1228 1.5892 0.9548
3.8408 2.9777 2.4110 2.2948 1.8365 1.9634 2.6437 2.3020 1.8092 1.9855 2.7164 3.8036 4.5739 4.4058 4.1949 3.4315 2.8335 1.6210 2.6866 2.8153 2.0193 2.2881 2.0207 2.7324 3.5493 2.6183 0.9930 3.8308 8.5454 14.5671 4.0278 9.6562 4.9964 0.9166 5.1033 3.3061 5.0263 4.5083 0.9079 0.8709 0.6493 0.9996 0.3933 0.4725 1.2316 1.8392 2.2031 1.5465 2.2408 1.3497 0.6886 1.4052 2.8052 3.7172 2.5208 2.5304 2.6514 2.2779 2.5008 1.5508 1.7652 1.5897 1.3754 0.2781 1.9844 1.8784 3.4642 4.9445 5.2322 3.4033 1.3152
3.9126 2.8692 2.7316 3.1032 1.8092 0.8718 1.1690 1.3545 1.2603 1.9263 2.1658 2.7744 2.6786 2.5240 1.7391 1.8597 1.5208 1.2832 2.6194 3.3194 2.8441 2.6185 1.5745 3.0381 3.2522 3.1644 2.0441 2.2820 7.8763 14.4845 5.5140 6.5512 9.4131 4.5869 0.7734 0.9722 4.4040 4.9742 0.8057 0.5429 1.6526 1.7369 2.0376 1.0425 2.4895 2.6049 2.2212 1.5773 2.4927 1.7490 1.6313 1.6460 2.8369 3.5256 1.2185 1.3599 1.7828 0.7012 0.7874 0.9449 1.8620 1.3502 1.1458 0.7135 1.7289 1.1883 0.8726 1.3410 4.3041 3.3664 1.3063
2.7865 2.1765 1.7013 2.6001 2.4565 1.3534 0.7207 0.6832 0.6493 1.2528 2.3412 1.9274 1.7302 1.9217 1.0923 1.1616 2.1230 2.8604 2.0294 1.4542 2.5872 2.5833 2.1230 1.9655 2.9326 4.1073 3.0436 1.5394 9.8078 13.5824 6.5138 2.9028 11.0168 6.8759 1.4532 5.1762 6.7951 8.1079 0.9959 0.7874 1.9488 1.4859 1.1691 0.5139 2.7786 1.6460 0.1208 1.0762 1.7013 1.1716 0.6218 1.1986 3.3939 3.2298 1.2598 2.6979 2.6456 1.6522 1.1394 1.5049 1.9023 2.4600 1.6776 1.6152 1.6473 1.5146 0.6323 1.0091 3.0148 3.1827 2.8965
4.9135 5.0143 4.1772 3.8378 4.2661 3.8589 3.8036 3.0992 2.8266 2.0376 2.5378 2.6269 2.4390 2.7755 2.5043 1.4517 1.7432 3.5149 2.3980 1.2962 1.5294 2.5023 2.1003 1.8253 2.8492 3.4568 3.3334 2.0790 9.5509 10.9329 12.1256 8.3902 4.4211 9.4460 10.2246 10.3228 12.2639 13.3244 9.7759 4.8965 0.7176 2.1168 2.1978 1.1135 3.0653 1.7853 2.3440 2.5286 3.2377 1.8332 1.6098 2.3733 4.3669 4.6661 3.2933 3.6439 3.5957 3.6401 2.6865 3.0579 3.2596 3.2769 2.6227 1.4592 1.7582 2.0290 0.5402 0.6403 1.5203 2.0888 1.7048
4.1310 4.3985 3.2170 2.8397 3.1013 3.9372 5.2686 4.5033 4.0830 3.8641 3.9311 2.9916 1.8726 1.8471 2.4174 0.0540 1.2137 3.8943 3.9727 0.9237 0.2701 2.0150 2.5008 1.3235 1.0084 2.7894 1.8012 2.2708 7.6772 8.0463 13.6465 15.1916 8.5602 1.3534 6.5568 4.1073 5.6804 9.1648 14.4366 14.0753 9.1134 0.3459 1.6544 0.6039 3.0051 0.9433 1.4411 1.4691 2.7035 1.7183 2.6514 4.3775 4.5354 4.9573 2.4050 1.6597 3.0609 2.8887 1.7289 1.0591 1.0653 0.9670 1.3035 1.1102 1.6680 2.3696 1.5015 0.7337 1.0564 2.0265 0.6671
2.2486 2.8397 2.4318 3.2003 1.8772 2.1882 2.2137 2.4099 1.8301 1.8368 1.8285 1.4176 0.1146 1.4898 2.0999 0.9238 1.3796 3.1674 4.6662 2.1718 1.2328 3.0419 1.9858 0.7790 1.0937 3.3074 2.4674 2.4101 4.1985 0.9394 2.4833 8.9949 14.6349 15.0968 14.2166 12.5917 11.0280 6.8329 5.0481 11.5918 16.8885 7.3877 0.7865 0.6670 2.4538 0.9079 1.3152 0.7581 2.9425 1.5676 3.1367 5.5216 0.7176 5.5216 2.3440 2.0490 1.2340 2.4246 1.7013 0.5195 1.3416 0.8617 1.4751 0.9782 1.9065 2.5779 1.8745 1.5160 1.9137 2.1002 0.5320
3.6385 3.9254 3.7382 3.6351 2.6027 1.7951 1.2155 1.6776 2.1299 2.3917 1.2609 1.3535 0.5469 2.3962 1.5727 1.2469 1.4207 1.9092 4.7387 2.7755 1.9755 3.0912 2.0236 0.6322 1.6425 4.1294 3.4826 2.7576 3.3046 1.1790 3.9793 0.1575 8.7747 9.6010 12.5363 11.0347 8.7933 9.6998 13.9641 2.9209 17.6148 13.8247 0.9324 2.1503 2.4988 0.7504 0.7176 0.5402 1.6057 1.9278 2.7364 4.9247 2.6656 4.1736 4.2159 1.2608 1.1134 2.1614 2.0293 1.9217 1.9931 0.9055 1.2059 0.6886 1.1154 2.7111 2.4111 2.5595 3.0610 3.0493 1.5394
4.0278 4.6933 4.0718 3.2769 2.9808 3.1097 2.5484 3.2433 3.2754 3.0550 2.2235 1.4517 1.6237 2.2215 0.8949 1.2132 1.4269 1.1355 3.1006 2.4294 1.7951 3.6367 2.6721 1.5507 1.8908 4.6523 4.4123 2.8877 2.5578 2.1085 3.9370 3.8141 2.9118 2.7558 0.8437 3.7545 2.6865 4.6387 13.2793 13.2445 12.0477 14.8965 2.2734 1.9913 2.4062 1.5160 1.2487 1.8726 1.5451 2.6052 3.0693 3.9649 4.3083 1.3035 6.0822 9.3797 8.0103 6.7506 3.8776 1.9844 2.2447 2.3020 2.9453 2.6001 1.4130 1.4411 2.1058 2.0667 3.0879 4.1562 3.2656
2.7145 4.3006 3.1450 3.4875 3.4315 3.5998 2.5736 2.3819 1.7255 1.8647 1.7030 0.0854 1.0653 2.5858 1.2227 0.9293 1.4396 1.1559 2.7883 4.2447 1.9469 2.4173 3.2489 2.3770 3.1142 5.5779 5.0108 2.7613 1.7013 2.1979 3.6078 4.6872 4.3887 3.6850 2.4813 1.6776 1.6314 2.0696 8.2550 13.9525 5.3300 15.3499 3.4033 1.7898 2.3399 1.5131 0.8030 3.6054 1.5587 0.7416 3.0503 2.9806 4.8912 3.9265 0.6493 4.5540 6.9845 8.0265 5.7859 1.1135 2.5008 2.6718 3.2468 3.9678 3.7281 3.7762 2.9224 1.6473 2.0762 1.7486 2.6293
2.7292 3.7874 2.1765 2.3112 3.0931 2.3570 2.2137 2.3907 1.2985 2.6754 2.1030 0.9782 0.5978 2.2136 2.1695 1.3838 1.3901 2.4839 3.0266 3.1293 1.0700 3.3203 3.5069 1.7963 2.5917 5.1719 5.6743 3.2466 2.5231 2.8176 2.7885 2.5303 2.7515 3.4948 3.5496 2.4050 1.5285 1.2275 4.2945 9.0910 1.6043 10.1728 6.0384 3.4026 4.1985 5.7339 10.7932 16.1490 13.2086 9.1077 2.2960 3.1598 4.0179 5.8229 7.3896 9.5652 7.9783 5.0657 9.2170 0.6264 0.1528 0.5096 1.3240 2.4868 3.0553 3.0579 2.7483 2.2702 2.0251 2.2970 2.3681
4.0347 4.2513 2.8797 1.5261 2.8052 1.9844 2.4962 1.7767 2.2470 2.1360 2.7558 1.5842 1.9278 2.6664 3.1376 0.6265 1.0701 3.5106 3.1754 2.0561 1.6313 3.9000 3.2754 3.8894 5.5683 6.6410 5.7605 2.9045 1.9107 1.0591 0.6300 1.4084 0.3079 1.4135 2.8604 2.4813 2.7324 2.3832 4.3164 9.4630 3.8669 9.2508 8.4050 3.9942 9.1958 13.3215 17.1077 16.1992 16.0803 15.8305 10.1551 6.4770 2.9964 3.7172 3.2206 5.3758 12.3897 7.1303 13.2553 4.4511 1.3035 1.7652 0.3820 1.0319 1.9187 1.8988 2.0095 3.9148 3.5867 3.0636 2.2734
3.4416 4.5285 3.8642 2.5275 3.1708 2.7111 1.9931 1.2434 1.6671 2.3222 3.2674 1.7829 1.3647 2.0408 3.0266 1.3631 1.4315 2.7271 3.3471 2.0150 1.5952 4.6246 3.8143 7.2589 9.3444 5.9669 2.6182 1.7878 2.4414 3.6311 3.9194 4.4807 3.6582 2.4174 0.6504 2.2502 1.1284 2.9879 2.1411 8.9356 9.7778 12.0179 13.5210 14.0174 12.1671 5.7384 5.0378 13.2999 9.9569 3.1041 13.6766 14.1986 10.6422 10.7931 14.4453 13.7178 10.8881 7.3061 10.8460 15.3868 10.0979 3.4167 1.0488 0.7874 2.2137 1.5587 2.5472 2.5779 2.1220 2.2486 3.2667
1.8679 3.4617 3.9899 2.7571 2.9088 3.5072 2.2836 2.5981 2.1411 3.5998 2.9955 1.6438 1.3599 2.8018 3.3804 2.2836 2.1086 1.8104 3.2129 3.3782 2.2913 3.2816 5.8358 9.8579 8.3372 1.7188 0.9819 2.5464 2.6538 2.2408 2.1547 2.0888 2.3761 2.5934 2.4144 2.4279 1.3833 4.0402 1.3631 8.0945 11.6102 4.5006 8.8011 13.3920 4.4398 8.9725 18.8892 17.9258 14.6269 12.2347 1.8931 14.7461 11.1968 15.2669 11.1523 2.3746 10.0562 13.9061 6.8717 5.5992 13.1364 10.8763 2.5266 1.0564 1.2810 0.8377 1.1181 1.1102 1.4854 2.3737 2.7484
1.2227 2.9065 3.2397 2.6952 3.2199 3.3609 2.7292 2.0322 1.2644 2.2846 2.2969 2.1815 1.7951 2.3782 2.8073 2.1206 2.1705 1.5698 2.9740 3.7791 2.4294 3.0928 7.3504 9.3360 6.3963 2.9623 0.5818 3.5885 3.0419 0.7105 0.6357 1.2747 0.8541 3.0931 2.6632 1.8866 3.1674 4.2719 5.0971 7.9092 13.9743 13.6667 7.7672 7.7909 13.8087 13.6572 6.4024 1.0923 6.4710 14.7997 10.8729 9.9122 4.4840 9.2661 11.6554 14.6959 13.1959 12.7199 15.1524 11.5171 5.2791 13.7436 7.6408 1.4300 1.0803 0.5139 0.4584 0.3895 1.2883 2.0674 1.2179
1.5465 2.7924 2.1251 1.2649 2.4683 2.9923 2.4953 2.0095 1.7162 2.2820 2.0175 2.0929 1.6910 3.3569 3.9200 1.7751 1.7319 2.0411 2.9045 3.2197 2.9118 3.6619 7.5595 6.8311 5.6945 5.4310 2.3613 2.8091 3.3562 3.4639 3.0051 3.1880 1.8145 1.1102 1.8962 0.7377 2.4824 3.4389 3.8748 3.7768 8.8692 14.5406 16.0612 17.4154 14.4015 8.8539 0.8227 1.5451 4.3136 14.1959 11.7773 1.9473 10.3832 1.9357 18.2487 10.8247 1.3801 1.6841 7.6078 13.6198 7.3368 7.6934 12.3012 2.4389 0.6504 0.9790 0.8377 0.6505 1.1956 1.7154 0.4355
1.5883 2.9190 1.5745 0.6917 1.7163 2.1360 2.3222 2.6472 3.4948 2.9652 3.0766 2.5711 2.0376 4.0718 5.5663 3.6439 1.1233 2.2304 4.3093 2.3779 2.6560 5.6301 6.9284 3.8148 2.8369 5.0614 4.1798 2.1003 1.0612 2.6051 3.3964 4.3667 5.2019 2.7124 1.2765 0.3264 1.6403 0.3603 1.2810 1.3769 4.4472 7.3856 8.4557 8.0946 5.7574 2.1705 1.1616 1.7829 1.7302 6.4398 10.6028 11.5845 13.7703 12.3940 15.9000 4.9341 0.7267 2.1220 4.6475 9.6788 14.4622 7.6784 9.0876 9.1667 10.0115 5.2262 0.2701 0.3286 1.0091 1.4582 1.2227
1.8336 2.7652 2.3212 1.8726 2.2421 1.5582 1.4084 2.0649 2.0019 1.8455 2.6708 1.7098 1.4176 2.5518 4.4509 4.6149 1.9507 2.3962 3.9960 2.9740 3.3334 6.5721 6.5343 2.6318 3.4429 3.3904 2.3834 3.6903 2.6722 0.9930 1.0944 2.2692 5.6600 4.0271 3.1434 1.4582 1.3502 0.2562 1.8427 2.3390 2.1718 1.6680 1.8651 1.3674 1.2804 0.8818 1.2137 2.9425 2.6472 1.7951 3.7537 10.1024 15.6985 13.2280 9.5515 0.7874 0.3820 2.1278 2.5518 3.2922 12.0074 9.2491 4.5865 9.9738 12.0309 11.9205 3.2108 0.3150 0.6538 0.8455 2.0706
