GISData/GIS_aspect_15.txt
ncols         200
nrows         200
xllcorner	0.0
yllcorner	0.0
cellsize      15
[rows 0 to 27 of 200, columns 64 to 127 of 200]
259.1153 217.1864 183.9023 130.7319 105.3760 63.4306 226.9798 194.0401 210.9646 282.5266 284.0311 82.4069 147.7257 143.1319 137.7225 255.9638 104.0372 154.5386 95.4393 81.0547 5.0798 280.5278 275.0429 99.4616 75.9636 80.3805 82.0570 108.4354 109.9830 157.3810 214.5087 242.7003 88.6987 81.9647 85.7121 82.1849 91.0053 79.1139 53.1309 63.4338 59.4198 134.9913 92.2030 89.0761 88.9709 87.2077 257.7989 200.2245 95.3892 86.3858 54.3233 70.6765 73.6861 85.7150 49.8571 269.9998 282.4017 173.9896 95.5274 114.4441 152.5916 187.5962 240.2531 256.2925
224.4092 183.4895 187.8540 176.0547 122.3908 156.9290 197.1036 185.0134 205.2015 199.1333 165.7624 160.2529 175.0608 175.9148 173.7453 181.4876 159.6060 168.9302 178.2097 117.3779 77.4738 239.7436 203.8392 173.1570 144.3233 136.6365 139.4966 125.1340 122.0050 137.7269 208.4426 214.0192 130.6961 117.7909 133.2646 118.0237 122.4713 149.0361 129.9851 118.3551 116.0307 168.9944 129.8056 111.0376 106.1522 141.3415 256.2636 20.5548 69.8136 51.5322 41.8398 82.6040 102.8784 115.2740 198.1454 263.0539 259.0578 171.8695 127.7633 130.5034 150.9455 203.9626 252.8966 235.8134
204.4438 173.4538 196.8867 230.5280 83.4175 96.4825 143.1310 174.8823 206.2219 193.2013 163.1010 160.0164 172.2000 176.5529 175.8147 177.5104 164.0552 161.7680 182.5734 170.1059 173.1070 188.8808 184.5024 179.1383 167.1956 160.3077 152.5004 128.5004 127.8760 98.1303 165.3777 203.9629 148.1336 137.8833 155.0956 130.6674 133.5314 173.0898 134.9988 126.4912 138.8145 164.8752 147.3385 109.0253 102.4943 176.4257 284.3221 66.5714 65.2248 28.2177 66.5290 80.8790 95.9913 103.5188 210.9638 244.7434 217.5396 189.1803 147.9177 127.1173 104.0401 241.3876 157.0940 173.2205
180.0000 140.1959 249.1450 240.7500 66.3718 49.7634 57.0937 132.3959 212.0048 187.1256 144.8659 130.8132 149.0369 177.8784 168.6878 144.4647 111.3718 123.6906 152.3563 162.8979 168.9055 177.2731 171.3852 176.7289 148.2980 158.4591 148.7371 135.0000 154.3599 135.9387 151.2940 168.6904 130.9140 124.6954 142.0027 106.8872 57.2657 84.2894 101.8528 113.9616 120.5786 116.5651 135.8553 101.0563 97.9354 260.7072 275.5273 102.5297 119.9546 151.1135 126.1351 79.1247 69.2277 75.8879 332.7838 246.7289 238.5303 188.6148 157.1657 147.3802 146.9523 157.6200 166.3955 201.1498
228.5757 204.7762 202.9306 196.6994 195.7324 152.4882 104.4446 91.2456 169.9898 204.1041 194.0353 131.9855 122.6206 175.9135 192.0943 137.1217 127.2341 144.7815 118.8130 108.4374 143.1314 198.4313 176.9889 149.0375 136.9738 149.5338 138.0134 134.2156 154.5930 153.4350 135.0000 158.1991 128.4174 111.1235 100.7826 92.2022 133.6036 142.1265 118.8676 122.0048 105.5227 101.6889 95.7108 102.4618 104.9313 251.5655 276.8092 55.0977 89.3418 127.1648 140.4776 121.9668 79.4144 64.6588 48.8328 300.3322 251.9239 308.1575 130.3636 143.5679 135.2232 149.3906 187.9974 287.2743
177.9541 191.9760 188.9307 167.2289 192.1443 188.3664 137.4901 113.8603 131.0540 188.2981 188.8806 168.8861 163.3006 191.0035 192.6811 150.8330 148.0913 176.6328 158.1983 147.8753 171.8703 183.0111 180.0010 167.0933 165.9617 174.0925 136.5485 121.7991 146.3097 168.6901 136.2182 136.4691 133.3637 127.5677 151.8211 109.1792 128.2901 97.0287 96.0892 121.8285 143.9734 136.9081 115.7695 96.6049 98.7461 266.0737 248.4985 125.9416 103.3088 105.2967 129.9278 135.9964 105.5069 58.6713 43.9984 37.7467 194.0364 209.5725 198.2772 129.6101 106.8314 28.4948 331.1691 310.1262
155.8207 173.4431 184.8208 202.1664 193.6707 184.3996 183.5762 124.9911 117.5971 153.4350 174.3819 181.5273 184.2357 200.9254 187.4350 135.0000 122.8287 157.3809 148.3914 143.1293 146.3088 171.8681 178.9597 163.4968 188.1292 178.8053 150.1012 121.8658 118.7391 161.5694 148.5714 109.8002 119.0552 132.9296 176.3470 138.8139 131.9870 137.6631 130.0603 122.6610 142.1258 144.9042 133.6036 98.2913 98.1302 248.6709 219.7002 150.4215 129.5418 116.4000 117.3639 111.8016 107.8960 94.5289 72.2904 75.4138 94.3249 220.9503 215.4506 124.6949 39.6282 340.7960 320.8947 308.6038
85.6674 146.3083 239.0358 259.5078 195.9413 239.0362 207.8975 100.7132 92.9352 105.5236 120.3799 189.7830 208.0723 213.6901 209.4765 126.4710 109.7478 158.2021 119.3562 111.2504 122.6190 150.5221 184.2388 139.9015 194.0358 181.9739 152.7445 131.9873 120.6497 167.4704 141.6310 140.4406 99.9264 94.0142 130.6003 143.3248 148.2007 135.0005 118.8424 123.6897 149.1723 153.9466 141.3410 96.5817 97.1800 244.4410 250.8217 126.0270 97.5947 101.2224 95.7108 98.8963 104.5116 114.1797 93.3665 69.7574 81.1193 238.4641 226.7949 155.5053 252.4289 265.5056 298.6731 199.9823
125.5384 138.3671 214.9898 213.3658 192.0303 191.8230 223.2653 124.9923 337.6197 42.5112 60.9453 94.7612 207.4739 225.9705 213.6901 139.3979 114.4441 129.5605 166.7602 139.9013 102.7577 143.1284 218.1609 146.9763 159.4452 166.3282 160.2532 172.4065 142.4302 150.5227 142.4312 147.2657 124.8247 84.4012 64.6541 75.7356 79.1147 30.4635 91.7628 107.8504 128.4795 135.8071 158.1993 98.0357 96.3397 281.1432 258.0240 102.2007 101.4109 97.6838 105.7925 109.4661 116.8011 123.3891 88.5798 80.9097 96.1663 121.2107 228.4833 234.2803 276.1550 291.1166 345.2552 210.2565
158.0788 191.7680 185.2896 176.3669 190.6696 189.8340 205.4642 161.9963 163.3005 150.6417 104.3221 84.2892 148.2984 190.7383 202.9057 178.9767 142.5495 152.4477 194.3809 174.4728 112.2033 136.5479 183.2396 174.4727 169.7966 184.5137 171.2540 137.2039 149.3511 182.6030 105.2563 122.6198 137.0450 137.6631 140.9067 92.0457 97.9075 111.0381 115.8048 120.5793 125.7053 133.9172 134.2359 113.7988 127.8160 258.1903 291.8074 122.5920 124.8541 117.9230 111.2234 88.6675 91.2728 72.4732 104.0365 98.5160 78.2576 71.7886 302.7843 297.1081 288.0433 307.7676 155.7723 196.2603
177.2731 225.0000 126.8751 112.3803 219.8045 189.4633 195.4792 195.5235 172.2077 178.5495 167.4718 95.8563 120.9630 153.7778 192.0946 196.4845 179.1046 140.6294 172.0303 181.1694 140.0642 111.2514 159.6760 159.0761 169.8245 191.3089 164.3583 158.1996 154.7997 185.7104 164.0552 121.1595 132.2736 148.3929 171.7408 175.9125 113.1983 110.3767 115.9424 124.3462 134.2558 137.2899 131.5168 112.0621 164.8762 250.5042 97.8535 115.0837 109.1252 121.4565 106.4768 102.5755 110.0633 149.6974 122.2108 105.3661 66.8885 65.4873 54.3821 258.4652 254.8853 149.8594 148.6268 194.7432
212.2748 219.9866 171.0278 158.9635 171.2537 150.8035 179.0295 203.1056 160.7104 235.3031 290.5548 91.9096 83.8303 92.3538 184.6352 207.8017 210.5790 149.0353 137.6031 191.6337 162.1227 100.1235 33.6923 36.0252 360.0000 213.6845 148.7364 135.0000 165.4666 207.6462 158.4979 126.5016 122.4713 122.6809 157.4798 202.1657 143.6516 111.4246 91.7896 73.2018 50.6007 77.8005 99.9128 90.2368 240.9440 272.2516 123.9972 98.5052 101.9522 118.6109 129.6441 115.8208 116.5651 137.7263 115.6765 97.5489 56.9967 69.0756 90.0002 261.5811 257.9719 145.7153 154.4402 205.4631
199.5369 236.3112 207.6454 122.6186 149.0369 146.7691 135.0000 213.2732 255.2552 257.4719 84.2877 143.4989 127.0731 100.8228 70.9734 226.2201 223.6983 171.5721 138.1447 176.2688 198.8869 173.0873 158.1978 124.2875 136.9723 167.4681 133.1519 131.8206 149.5357 194.0354 144.6378 123.4398 128.6602 108.7585 138.9460 197.9694 146.3092 116.5648 107.1028 51.6330 50.3322 60.8654 97.1741 81.1848 284.7434 288.5827 133.8773 93.2098 95.9882 102.0568 124.4794 112.5871 103.4213 83.6595 90.6434 124.2146 93.4890 78.5815 63.0752 296.1796 277.5003 180.0010 143.1345 284.0343
201.0391 208.2169 185.0127 167.4709 167.2429 153.9251 185.7104 216.8692 196.5875 200.4813 168.2543 152.4470 177.9542 135.0015 68.9634 106.7015 202.5202 189.6196 157.2852 176.9053 182.9362 174.6104 180.0000 163.9409 161.5645 174.4464 170.9808 160.7692 181.7903 170.0738 142.6504 132.8253 126.5016 129.4723 141.1709 166.7601 151.3267 150.1732 167.2422 191.3109 112.6182 82.2780 94.1083 88.9325 254.3578 225.0000 143.2309 141.6001 132.8201 141.3404 146.6739 144.9776 160.9424 134.2262 121.3494 146.5600 135.0000 87.6912 51.8721 321.2889 295.1151 315.0000 345.3781 326.3099
142.2539 173.1184 186.4185 185.6301 165.5004 148.4657 188.6155 187.4710 173.8297 192.0434 165.4110 137.5793 195.9452 238.8150 110.5562 99.1629 172.4067 205.3459 183.0111 56.3200 146.3116 150.9458 154.7235 148.6280 157.7502 168.4404 182.6022 182.8620 194.7454 143.1289 120.4645 133.3631 117.8472 127.5038 135.7646 158.5534 142.8827 114.0753 174.0941 178.8072 145.4079 139.6580 102.5288 115.5845 201.5715 182.0599 149.1984 146.3732 146.2505 155.8391 151.0909 156.4051 186.5967 156.9491 130.4098 138.8874 132.9782 107.6846 81.2532 291.3711 278.1306 298.3004 273.0947 81.0252
135.6737 153.4346 195.1251 247.6208 134.9781 97.6955 214.6931 218.9908 128.6609 165.3799 230.5258 119.2915 191.3096 237.3556 135.5454 108.1986 162.6458 200.2245 210.1723 196.6984 149.9323 122.6186 137.8631 135.0009 135.0000 148.5732 243.4332 272.7269 206.5694 106.5570 132.5112 134.0606 114.1779 100.5382 94.6353 98.1292 87.5100 65.6947 306.2523 112.0365 134.2925 149.0360 106.1202 110.3231 169.8087 178.3474 130.9317 122.8143 132.0391 159.5672 152.3191 147.3999 205.6153 175.8152 102.2657 76.2000 117.0718 139.9697 167.5650 232.9801 248.9899 261.8681 255.9635 99.6604
147.8040 151.9280 200.9250 214.2150 186.9523 153.4364 123.6901 165.9650 162.4747 166.6062 194.0358 112.1079 135.0000 243.4353 130.3999 128.5170 168.2327 164.0527 215.3933 199.2909 163.3015 147.2643 154.1803 136.2191 141.7085 151.8223 200.3240 221.6328 165.2568 139.1852 140.5282 140.4785 142.1246 119.1970 90.0000 170.5428 102.3388 126.3839 176.6353 113.7496 117.9377 125.5383 98.1828 96.6136 128.9462 165.2563 138.2474 128.4910 123.6080 149.9585 147.4753 134.2371 226.3637 234.7823 163.4970 91.5915 122.5056 134.6514 177.7910 239.6906 258.5992 351.7240 319.1836 97.3520
167.6611 190.8398 205.7104 214.9028 182.1207 186.0092 191.9763 163.0740 141.1460 148.3922 191.1651 202.6197 227.4901 187.5937 117.8972 158.3561 210.2563 142.2515 193.5693 191.3109 178.0254 161.1998 166.3293 147.7244 156.8004 174.6444 187.9441 191.8880 171.0277 146.7252 108.4346 93.9461 135.0000 84.4278 90.0000 52.1247 38.8847 58.5703 99.9262 118.8358 134.4841 147.1707 89.5378 91.5142 101.9764 147.3278 125.8376 121.6557 93.0356 73.7402 88.3631 146.3127 255.5309 244.4395 185.5724 131.5029 122.8235 114.8425 331.9073 298.0815 291.8014 348.9965 59.5340 98.6379
166.5048 194.0373 207.6466 236.3127 177.2730 213.2754 198.4359 143.4720 138.6915 139.3165 179.9993 215.9092 216.3846 146.3101 116.5653 181.7903 198.4382 152.1014 159.7737 160.6652 186.3395 190.5394 161.5658 142.6509 170.7894 192.5291 170.5389 157.1642 197.3546 155.5581 92.5443 110.7715 162.4747 113.9607 109.9828 60.9446 114.7761 105.0685 116.1612 103.4217 115.5300 148.1333 102.9941 95.4069 96.9529 101.9300 82.5499 76.7923 74.4069 87.3969 77.8445 152.5261 262.6939 226.9738 125.9606 118.1452 100.6901 320.0796 341.7039 320.1945 297.1558 153.4350 128.3335 119.9139
87.3968 249.1457 236.7252 217.6950 162.6454 199.1775 220.8143 158.4984 116.0307 86.9344 324.4659 235.5594 207.3497 154.5372 99.4626 311.1858 13.1342 90.0013 128.9921 121.6081 181.5066 209.7456 164.9814 131.7596 199.4418 244.6550 141.3370 93.1779 187.1267 188.1319 134.1929 135.7641 160.0166 152.9270 153.4340 164.2920 152.5614 132.0896 128.8531 106.3483 109.1338 114.3046 107.1022 94.2778 100.5001 142.0276 93.2234 81.8695 87.1086 111.1941 90.0000 121.2185 236.6596 204.3406 106.8872 89.0505 61.4772 278.2645 278.5307 237.9946 214.2161 164.3808 158.1984 139.7936
103.2410 158.2106 219.0913 226.9746 236.8866 81.8751 245.5564 134.9983 88.4515 17.6500 56.3119 90.0000 199.8857 157.8347 194.0380 274.4856 98.7458 114.6564 163.3018 125.2728 127.5669 216.4701 177.2066 146.3089 217.6960 228.0134 180.0000 133.4504 154.8849 166.3740 139.8443 114.7756 123.6888 151.5546 152.0191 163.4437 122.7350 109.5369 118.1783 112.9313 79.0449 52.7337 40.3339 73.1134 81.2702 86.4784 137.2031 93.6911 93.9303 114.8644 130.3898 144.9268 225.0006 201.6140 125.5946 76.7441 351.7975 294.9394 285.0183 213.3111 177.2731 151.2802 159.1147 144.3715
177.5628 175.7643 171.3265 210.4258 190.8234 176.4784 200.3539 164.3568 156.9748 205.7111 120.5777 106.3121 162.7588 176.5336 195.3508 202.0865 157.3800 135.8065 165.5560 161.0039 147.5291 201.0371 207.4071 187.8535 204.4435 208.3005 178.4097 150.7080 147.2643 172.0569 164.4765 130.3152 132.4364 142.2523 158.4587 151.2936 142.9437 132.2211 116.1749 118.8859 320.7119 59.5346 62.4477 69.4093 69.4440 30.4112 9.3660 53.4181 65.7259 82.5150 113.9078 150.8599 159.5051 167.4901 178.0021 203.7137 300.8886 324.3022 304.0457 213.6904 141.3404 153.4361 108.9722 98.4711
173.9902 167.9495 190.0608 216.4162 184.8443 184.3991 203.9631 158.1981 174.6104 195.9458 147.0296 142.6953 110.3231 178.1534 190.5392 175.9142 178.9768 129.2893 120.7011 161.5676 122.7365 171.6337 216.1932 194.0367 192.1995 199.9825 181.4702 146.3097 144.7815 170.5379 162.7579 146.3109 118.3024 123.6910 163.7402 133.4519 142.1252 164.8992 115.3468 135.0027 283.3244 70.7701 95.4773 82.7554 73.2252 37.3423 22.4924 47.3092 65.8746 67.2735 70.2529 107.4255 135.8185 161.1675 212.3756 261.7241 287.6011 87.3969 174.9202 191.3106 162.4061 116.5672 46.9724 75.6177
184.8296 180.0010 249.7765 214.1598 126.2535 218.0894 221.9866 154.7216 184.1848 174.2899 183.0127 188.7458 125.8818 262.8733 274.0834 74.0554 297.4739 28.8113 56.7456 37.4051 34.5087 39.0956 299.3562 193.2419 188.7458 197.1973 172.6490 151.1147 132.7108 145.0097 135.0000 167.4709 95.1942 80.2728 18.4291 101.6684 116.9393 222.2742 101.5927 90.0000 219.9850 129.2904 121.6078 96.6664 73.8234 54.3886 74.3954 95.1324 98.3869 83.8730 64.0253 92.9507 92.6921 78.1780 301.2337 289.1337 297.5527 85.1011 97.3524 306.8681 182.7248 159.2757 193.5718 118.1802
220.7311 162.3518 217.3504 199.9039 172.1838 201.6147 180.0000 169.4266 184.8995 173.8847 182.9608 232.3534 118.8848 206.5621 220.2352 107.1986 247.8910 253.3052 91.3315 53.1305 1.7889 23.8382 69.4441 132.0900 219.0356 222.1838 146.3096 171.8706 175.7628 150.9458 136.3325 182.2014 136.6357 102.5269 105.2518 86.1117 94.4667 276.3415 90.0000 120.3781 175.6004 144.7276 139.9503 128.8111 89.2653 70.2326 70.1675 83.8626 82.5394 81.5112 47.4194 89.5817 92.3673 244.9432 259.6585 253.3590 217.1960 189.6899 45.0000 82.2332 138.0111 165.6506 210.0693 137.6431
265.3897 104.0414 180.0009 181.4691 183.5762 196.1432 160.7096 176.7301 198.1531 203.1992 196.7009 243.4350 149.7415 160.5586 191.8210 151.8768 184.6110 178.2898 163.2288 169.1139 234.7844 127.7459 114.9035 136.2182 217.8775 215.5381 153.4334 166.3288 182.6022 172.1845 144.0391 179.9992 187.4311 158.1996 147.5305 96.4698 102.7449 199.7481 174.4276 133.6353 121.2173 117.2992 118.2382 122.9698 130.3146 101.5757 78.4954 71.7831 62.3791 50.4691 30.8668 61.5319 47.5979 341.0345 334.5195 186.9914 191.3852 180.9167 195.6830 185.1538 148.1842 175.7838 186.9211 168.9337
239.4694 144.2461 161.5665 237.5280 242.5910 161.5616 119.6043 154.8860 225.8305 257.0917 216.8699 259.1139 224.9974 113.8386 135.0000 171.2554 151.3144 165.4652 182.3133 191.8215 207.8604 146.1043 123.9062 132.2731 221.6381 206.5658 157.9630 154.5369 178.7267 197.9683 134.3707 158.3848 191.3098 191.5352 164.0554 110.9562 121.0795 165.0058 171.1195 155.4094 142.1225 67.7519 70.5599 47.6031 60.2544 70.2914 66.0378 57.9531 58.3927 49.2890 30.8666 49.5537 33.9991 351.8328 4.5740 68.7614 148.7908 183.0394 190.0342 179.4270 159.5227 199.6538 209.6531 132.2365
217.9713 176.1851 181.7361 160.6422 198.8858 187.1245 125.8370 168.6909 248.1986 248.8056 199.0262 180.0000 196.1432 140.3556 151.1135 160.8208 107.7456 104.8590 158.1941 228.9184 198.8539 127.9992 159.2273 215.0740 154.5381 180.0000 181.9738 112.6206 206.5650 337.3812 97.4717 116.5645 220.6003 181.2456 164.0557 119.8271 100.6701 53.1305 21.0373 72.3518 136.9738 154.2296 107.3009 118.0734 106.6998 90.0000 74.5383 61.0738 64.6917 70.0785 69.7748 64.5638 40.3420 354.8574 39.7662 60.7748 34.3077 8.5880 3.3341 106.3358 99.3891 296.5650 329.3938 359.7680
