GISData/GIS_aspect_15.txt
ncols         200
nrows         200
xllcorner	0.0
yllcorner	0.0
cellsize      15
[rows 168 to 195 of 200, columns 64 to 127 of 200]
67.7237 100.0799 104.5342 83.6609 68.6011 61.5059 334.7971 101.0411 100.0803 76.6506 65.4322 64.8548 102.8753 109.7468 110.5548 101.3085 81.5524 55.3046 340.9059 63.4339 78.6903 79.1598 73.0339 93.3660 85.8152 81.5527 72.5973 70.4032 78.2790 82.6038 48.8143 342.8965 330.8014 236.3096 222.5109 188.2470 165.7496 200.2248 157.5207 144.1614 155.6959 161.1471 204.1027 214.8247 209.0532 123.6915 139.0848 147.8031 181.9095 239.5342 352.8760 23.4986 37.1472 29.3574 44.9991 57.5277 334.3592 225.0027 190.8864 176.9052 102.8031 149.0362 175.0291 172.5669
57.4815 49.0139 29.2201 45.9408 61.2207 36.1931 6.8425 42.7095 79.2711 69.1450 93.4335 77.7350 18.4367 87.3976 109.5024 136.3305 73.4949 43.3618 16.8581 101.1294 90.0000 75.1731 69.9041 99.1884 100.0080 86.0552 74.1410 71.1346 81.3305 79.5876 69.4438 304.9938 180.0000 183.9918 219.9212 176.5665 150.2547 200.2245 175.1698 178.6025 272.3883 18.4346 353.7953 327.2653 145.0048 136.3975 190.7846 98.7444 180.0000 216.6900 187.6667 171.1201 123.6878 3.5743 37.5679 11.6903 7.5933 108.8533 169.1155 204.8629 129.2905 106.1900 122.6190 214.0764
35.2422 29.5785 33.1117 55.0683 75.0170 89.9985 87.1369 61.2603 56.4698 28.4125 46.0233 43.9188 13.7993 58.3603 50.3322 17.8202 59.8862 30.9623 46.3969 77.5352 79.6956 62.1766 67.6199 65.4623 69.9692 74.8988 68.1984 62.0545 61.3269 47.9161 26.8781 17.9561 5.1944 32.5174 359.9987 78.7052 118.6100 203.8059 192.4265 180.7641 232.4957 271.3642 14.0326 124.9908 147.9924 157.8905 236.9773 55.3085 49.1847 309.2893 274.3997 160.3478 128.2331 199.8559 148.7371 129.4742 170.5394 105.2554 149.7442 218.6561 157.6200 155.4500 164.2676 239.1837
28.6109 61.5574 59.5742 50.2896 66.7323 75.9638 107.5254 129.1732 81.7232 81.8692 58.6955 47.9107 34.6950 70.8211 48.8144 32.4002 44.2365 19.7462 49.9708 64.3984 63.9054 54.6901 79.1778 65.2607 62.4682 68.0172 74.8862 64.4251 54.8377 41.0231 28.1784 17.2049 10.4776 35.3747 48.2706 72.1822 79.3797 21.7969 357.7970 300.2574 263.2900 254.8268 131.8788 120.6512 152.1752 200.8543 259.5081 300.9689 56.3083 5.7095 299.3594 122.2769 139.0857 225.0000 166.4282 150.2550 156.6164 120.7847 185.4393 170.9098 137.4372 142.9437 195.4211 249.8289
97.5947 84.8975 65.8199 39.0194 53.8155 58.6716 48.4683 102.3393 107.6500 145.7834 94.3326 113.8075 94.5150 86.3677 43.9955 51.8425 28.6101 52.5239 60.2560 75.4657 64.3116 77.7345 89.9991 81.2532 67.5202 70.9354 70.3744 43.8622 51.3401 50.1554 39.8826 17.3541 6.8865 23.1358 37.8282 39.2892 21.9916 19.8849 10.4375 5.8562 283.5717 258.1582 159.6774 88.8997 3.3674 325.7826 306.2537 300.9689 131.9889 279.4615 231.8425 92.5443 105.9452 289.2896 85.2358 96.7113 45.0000 90.0015 153.4379 126.8692 56.6889 14.0356 342.7344 141.6313
57.6805 74.1097 30.6516 15.7822 58.9501 64.7761 40.4260 33.1114 51.2264 55.6709 74.0549 64.1786 75.7190 91.1937 105.4225 76.3279 39.8046 78.2740 102.0417 111.1604 95.7097 94.2050 76.2627 72.5527 65.9129 66.5574 54.9721 32.4715 43.1858 40.1131 26.1663 13.6186 14.2903 20.1891 32.6561 47.1081 26.7917 21.4129 32.9695 101.3099 173.4184 234.3598 209.7419 48.5043 343.6104 345.9632 355.9136 57.7251 94.0863 182.0474 180.0000 0.0029 22.0674 22.3781 128.6561 130.5992 114.4419 87.5099 95.4394 107.1019 147.9951 299.0550 312.5137 106.2034
19.7084 56.7934 39.4011 22.2051 46.6365 55.3756 48.9576 13.4217 37.4924 21.8013 22.8902 23.4773 49.2795 64.6874 97.3062 108.4360 151.3896 105.1238 119.9134 101.0705 92.7933 67.3805 65.5559 15.1240 66.1949 60.5930 45.3647 33.8574 45.6295 39.0530 18.8776 15.3216 10.6695 23.5813 41.7729 53.7675 44.1698 31.3042 61.3127 65.4615 341.5665 286.8584 284.7448 274.0865 261.8752 129.8077 166.6067 85.2358 14.0388 336.5005 73.3012 300.9650 104.9323 82.3034 333.4367 53.7463 98.8799 139.1849 139.0855 137.4901 231.9527 187.9075 160.7692 56.6464
81.0267 66.2278 37.6658 20.7468 48.9004 61.0735 55.2653 24.0572 57.4648 41.3912 21.9380 23.1985 34.8411 38.7257 40.7027 48.9004 92.2462 98.3664 82.0112 55.7521 50.5997 69.7343 51.7669 10.5394 62.8504 69.9178 46.9300 46.5481 42.2411 25.3198 17.4091 19.5986 22.0113 27.4201 29.8642 51.3079 55.1678 50.0240 71.7831 69.4442 53.1319 257.0056 191.0035 171.1931 192.9952 195.1249 196.8569 270.0000 349.1139 18.8245 34.1149 288.4355 130.4268 117.9516 173.0477 146.3089 151.1892 165.9659 115.0166 123.6897 224.1929 203.6299 168.1117 336.6451
72.5530 94.6103 89.9992 55.4062 83.4175 90.0000 81.9829 63.4354 50.3327 73.8126 64.9841 98.5838 69.0271 66.8861 51.9889 58.6712 63.1385 78.1589 67.1099 87.3969 100.5384 103.7994 37.4079 339.5894 63.1782 79.0608 35.7520 30.8151 43.7815 26.8545 14.3812 12.7788 43.0782 57.2318 68.8604 71.2060 68.1571 53.6732 46.7896 62.8790 85.9156 178.3631 180.0000 160.0166 184.5748 257.8279 281.3087 338.2001 229.9707 163.6859 136.8465 235.0047 59.9320 93.6531 148.4962 148.3919 195.9458 10.7830 56.0827 67.8339 268.5687 273.8147 115.0166 252.1810
46.0232 47.4896 59.7435 81.6736 89.9993 82.9475 71.1746 76.2006 60.1013 58.8145 66.3705 88.7277 113.9628 116.5651 103.6901 92.7928 69.0916 40.9722 32.3473 41.8199 49.4751 49.2365 13.4969 341.5645 74.1477 66.6146 25.5137 19.2299 64.4708 56.3095 33.6875 29.2501 57.4758 54.8816 35.1882 66.3528 64.3063 46.6365 45.4275 55.4722 77.5294 321.3416 317.5449 42.1846 358.2639 294.7746 324.4621 12.3393 328.4942 40.6012 41.3481 225.0109 92.4353 106.6988 62.7832 348.9977 334.9171 29.7444 84.1742 79.8462 327.5291 293.8055 97.1237 226.0803
65.7392 75.1245 72.0953 78.1110 70.0168 79.3804 57.4500 42.5112 56.0046 64.3230 84.6112 42.6468 53.6525 67.7063 75.7183 65.4799 78.3311 29.4769 42.8253 39.0623 28.7206 33.6902 26.5645 3.0133 75.9630 73.9089 17.4183 23.9619 70.0166 89.2256 18.4306 296.5672 67.8096 64.8667 31.1840 55.4077 43.0782 32.0353 36.4531 38.3293 33.8260 354.6268 340.7541 10.6048 12.1126 339.7397 359.0761 21.5841 348.1398 0.5206 29.9819 47.2311 99.4616 26.5645 14.0361 12.9259 33.6906 124.8234 105.9458 97.0012 210.9612 215.3115 131.8788 167.6188
80.7704 86.9866 69.8282 62.1518 49.0449 62.8020 53.9147 25.3459 25.0683 46.6607 54.9509 45.8305 66.8016 74.4758 62.5601 43.0247 58.6008 13.2992 52.4311 86.3320 96.4834 98.4279 69.3043 71.5655 77.6925 96.1895 46.7388 31.3299 59.1462 75.6511 47.6022 305.8386 57.8743 59.4884 50.3543 65.4542 55.9808 33.0402 40.3647 34.5326 24.2370 358.0504 339.5626 6.5420 15.4136 1.1289 12.1275 30.4342 354.9193 337.0355 57.6702 39.7379 6.4283 17.4639 5.9651 34.5093 90.8682 111.0371 50.1934 59.1840 59.0354 305.2173 109.0253 125.1661
58.0553 57.1439 32.0048 39.0941 59.2817 45.0008 47.1212 24.9050 36.6567 58.7170 49.3241 64.4855 81.1188 83.7966 65.7719 57.8746 66.7053 75.0684 67.5566 95.3321 105.1537 122.7354 136.0061 75.9646 81.4309 82.4877 320.1959 39.0969 76.1161 70.1775 18.9251 326.3099 55.4375 38.9556 27.8973 64.5163 80.8702 41.2682 54.5302 52.8531 41.6330 7.2060 335.4808 338.8064 42.6724 48.1361 48.2399 59.0359 29.5383 287.9278 81.1418 64.7595 343.3000 32.0045 42.6154 90.8065 83.8116 66.0380 79.6969 73.6856 88.6025 320.5286 85.9135 86.9224
46.1685 67.1904 38.9914 49.3997 70.3467 62.9701 52.0288 46.5921 59.2654 83.3330 76.6065 60.3503 72.5363 78.9441 92.8162 75.5306 94.0857 101.6115 107.9701 82.1165 66.9739 54.6881 71.0295 344.4750 30.3231 54.1246 78.6887 139.3963 126.3837 46.3315 25.0169 11.9762 50.3564 82.5698 88.6379 78.5669 74.8274 38.1569 46.7352 59.9896 39.1226 23.8953 23.4292 39.8127 110.5565 104.9313 68.3691 62.3870 64.4864 278.7444 73.6866 85.1354 335.7710 52.8528 47.9357 66.6145 76.9542 51.3416 20.5557 67.3803 72.8244 330.2517 78.6917 83.1575
73.5223 88.1221 67.0687 26.5659 70.1779 78.8566 52.4299 43.7800 51.5808 71.1609 63.9047 62.1538 63.4356 67.2854 64.4405 41.6341 64.0944 67.2491 47.1200 50.0636 71.9803 54.1624 47.8161 323.7453 56.3099 85.7322 106.5570 144.4596 109.6522 14.0358 14.0365 64.1558 96.4586 118.3930 123.3658 93.2240 77.7993 44.9984 73.6101 85.1561 58.8618 41.9877 60.6427 88.2097 78.2305 71.5653 39.9085 51.9812 56.9148 34.6915 50.1931 69.7171 73.6093 126.8722 116.0756 96.5371 90.0000 82.5690 31.2617 3.3672 62.7652 97.1267 80.5353 80.3948
74.8274 66.2096 72.6071 79.6943 96.8086 82.9826 54.2457 49.7609 68.8941 58.4376 50.0923 64.5024 72.3776 60.8316 48.0128 21.9745 55.5607 59.0362 43.3637 70.4637 89.2262 82.4048 69.7171 156.8037 152.7008 111.0373 93.3109 45.0015 294.1456 243.4262 96.0104 95.8781 52.4323 46.2452 37.1465 74.5533 88.3473 110.0947 101.8025 103.1339 123.1106 114.6224 95.3137 69.7022 5.1935 1.9096 46.0611 62.8015 63.1128 53.7463 61.3883 68.5521 81.3465 32.0064 98.9723 87.2207 63.4355 72.0306 82.5685 228.8121 73.3008 75.2552 55.7130 90.0000
58.0923 66.6563 64.0109 49.1449 44.3968 47.4894 50.4931 46.4691 67.0121 73.2293 70.1454 64.3234 67.5739 78.6900 80.6648 66.5005 67.0935 69.6768 48.2157 61.0200 70.3873 77.4705 45.0000 102.5291 97.3267 80.8117 69.2062 39.0956 206.5621 138.8139 157.3806 103.6261 78.2313 31.8263 58.5234 74.3805 77.7116 90.0000 88.6983 87.9048 79.4606 23.1992 65.6585 84.4944 198.4350 161.5636 95.3147 62.1028 77.3202 75.0064 69.1461 23.1978 63.4344 20.2242 59.9810 78.2116 6.3466 61.3907 88.6685 270.0000 55.7139 33.9757 17.9043 43.5315
71.5645 77.6187 59.4205 54.6887 40.2792 44.1689 71.3504 75.0682 69.7747 87.7546 90.6822 77.4717 57.5998 65.7464 58.9123 37.4051 65.9658 80.7540 78.8861 77.7350 59.3001 48.9647 32.9053 52.4811 62.7650 33.6901 48.5215 40.6015 26.0037 95.7101 131.4243 142.7659 161.5648 136.2452 164.0542 77.0059 62.4122 53.1303 76.2182 79.8455 66.5021 49.7665 88.4097 94.9699 179.9971 195.2544 105.5242 75.9638 56.5244 63.4352 23.4975 4.0834 72.6884 60.9487 79.8258 85.3651 87.5119 47.6031 44.1170 15.5931 348.6913 352.7622 2.1607 20.3656
67.3192 67.7239 42.7689 58.2403 84.1226 82.8755 78.6904 71.8476 95.4405 93.2396 83.1909 57.0302 73.5389 67.4259 51.1156 28.9670 70.3461 86.3251 92.3847 89.9988 64.8410 57.5877 49.8996 63.0051 51.5821 32.4702 48.0663 74.6037 72.3863 95.6166 98.1294 35.5353 91.6357 87.7089 258.1130 60.3957 63.9966 61.1137 63.8691 51.5822 57.8289 63.4363 83.1574 79.2715 43.3644 358.0247 60.2544 92.8630 94.7639 77.7751 17.8169 43.1519 85.5034 128.0490 80.2742 77.9495 17.7448 55.9212 68.4573 342.6478 326.5475 335.7719 359.2244 20.2569
67.6595 59.6212 56.3097 72.6812 79.5090 49.6863 71.5657 64.5027 64.7988 76.7590 80.8371 52.8160 68.1986 68.1988 63.4350 58.5700 68.4285 67.0678 63.4345 67.1659 61.3884 73.0714 62.1525 60.6431 65.4100 77.7352 74.0554 77.4720 82.4881 80.5377 65.8973 336.5707 25.6020 63.4350 325.3763 19.7991 70.5937 65.5561 55.1758 36.9889 52.4960 44.3843 67.1665 76.6401 53.9748 3.5772 64.5386 97.4963 122.2285 127.3034 68.9598 28.0717 68.7819 84.9572 103.1325 110.0947 90.9872 100.3046 175.2388 5.1994 302.9891 314.9995 353.0455 352.7252
81.6742 75.9641 80.0736 78.5511 74.7445 63.4338 71.5643 53.4984 53.4084 47.4058 51.0438 48.3671 60.2550 78.8356 73.1789 86.6336 79.6954 58.3927 38.7656 30.6686 59.4212 67.9326 77.3199 59.4207 80.1794 95.2618 102.8038 74.2501 68.5145 56.9766 55.9556 340.5574 344.5380 50.2817 41.7300 90.0017 98.2598 78.3891 77.1254 80.1665 93.4837 108.4352 80.7894 79.9501 36.8697 338.6305 56.3099 77.3342 39.8052 20.2242 61.5034 107.4462 91.0225 88.5847 91.1227 126.8681 88.2653 25.7688 25.6411 352.8758 284.7083 328.4649 32.6186 347.7993
75.2912 83.5585 65.2248 67.2040 74.4759 64.8545 67.7502 33.1112 22.2487 56.3102 64.9494 97.3061 75.6191 85.1698 67.1662 90.0000 80.4066 55.6192 56.3101 46.6600 65.2255 70.0751 85.2388 32.2282 48.3109 42.0643 14.0365 50.3713 72.3494 75.7353 61.3895 324.4615 275.1994 88.7267 125.7271 145.1244 132.7542 96.5816 93.8134 99.4623 100.2139 112.9885 42.8785 38.6596 20.4621 11.1294 59.9805 67.7746 45.0000 6.6329 80.9094 93.9004 108.4350 75.6356 51.2161 1.2191 40.2797 17.6500 30.1416 8.1319 282.3808 311.3255 1.2733 2.0822
70.8800 69.7748 40.8558 59.5343 72.4465 71.8474 77.9887 98.7463 83.1575 85.7638 87.7546 92.7269 90.0026 74.2676 77.2288 59.4699 64.8855 64.9831 76.2647 113.8762 74.7456 64.6874 12.1828 19.7668 45.0007 68.8544 23.8394 47.6630 74.7447 80.6764 74.2198 113.9656 173.4184 128.6597 115.2921 125.4166 139.6848 127.0417 114.1017 93.7430 71.0610 353.6593 3.9179 38.5506 49.9699 53.4712 89.0904 76.9309 90.0000 57.6535 74.1971 58.2130 46.0419 72.6999 49.0285 350.5378 46.5473 119.7443 117.1210 234.4633 290.1368 303.8515 353.8629 9.0507
71.0032 61.5047 66.6455 81.6074 83.7231 64.8552 62.4885 106.4772 159.6772 128.5411 93.2093 57.3197 40.8153 79.5398 88.4085 69.5897 63.9462 89.1184 81.2541 97.1252 77.8559 82.8753 73.7392 109.6550 107.6122 102.2651 152.8790 98.1305 86.0547 55.5276 57.2655 94.6365 114.2754 94.3997 58.7069 57.9071 51.5816 87.9542 94.9698 94.0444 64.9829 327.8746 37.0736 87.9908 99.4628 119.6047 96.2419 90.0000 67.0120 73.4955 78.6898 84.2896 63.4368 78.1589 8.4275 34.2866 73.8560 74.6502 27.1223 315.8676 307.4602 294.0345 302.4716 38.2890
84.1438 90.7540 93.8148 74.6669 71.7914 52.3733 68.6821 76.5783 99.2938 118.8865 113.3045 112.9879 65.5548 83.7458 80.1339 87.2742 83.0466 75.7628 92.0208 100.1908 136.7348 141.1146 133.0256 137.8147 110.2655 81.8696 78.9579 61.6988 94.8137 76.1306 57.1713 64.8849 67.6200 8.4273 55.2438 45.0000 30.0696 56.6342 72.8244 88.0476 92.9352 198.4371 121.7010 116.9275 87.5461 82.4051 38.0466 36.3839 49.0444 76.6751 45.0000 47.9363 36.3484 35.3314 2.7262 35.0737 69.1799 53.8422 9.4619 304.0322 295.2008 254.8455 252.5967 210.9612
108.6219 120.9638 157.7498 125.5374 119.2675 162.9919 129.1438 95.5723 86.3088 107.4027 132.3576 139.0851 73.4951 85.4856 95.2540 113.3557 130.0307 111.0381 110.1369 88.6363 83.0653 41.8196 62.4466 77.1962 92.4910 86.9344 92.6843 94.4848 86.2687 80.5381 71.2009 81.6342 66.8008 71.5651 26.5651 57.0313 49.1285 74.0554 75.9645 81.5528 96.5214 154.4418 119.6043 98.3242 78.4861 67.8910 358.6664 3.0936 40.4404 32.6194 359.3633 10.2569 19.1607 23.3341 20.2247 39.8822 51.9527 27.5825 8.8418 298.3454 318.8137 355.4851 292.5037 334.7226
113.5403 116.1685 170.3947 148.1340 125.8821 146.9153 147.9074 130.0497 116.5652 127.2002 168.9965 158.1990 146.6342 130.8820 107.0381 68.1978 71.5649 90.9387 72.1810 86.2172 84.5227 163.4430 115.8667 101.3095 90.8954 96.2038 98.7468 86.1861 47.2031 70.5234 74.2913 91.1011 89.9989 94.3973 61.3876 343.2983 72.8378 77.7840 77.0615 83.5061 105.3326 97.5937 123.2748 86.0555 85.0293 43.0247 339.7734 324.0898 57.7841 21.4676 349.3036 21.6822 42.6340 21.3366 34.6949 57.6526 33.6899 38.1575 32.9494 298.8101 310.7312 331.0489 306.4449 327.5291
70.5232 75.8669 76.7603 47.2311 71.7324 35.8698 86.8195 89.1184 95.3892 77.7998 93.1805 131.3093 141.2263 132.1979 135.6037 243.4350 73.0098 72.8019 36.2518 81.1582 91.9753 126.4321 144.7438 154.7461 122.1709 123.6882 83.9897 66.9290 71.5667 104.0365 103.6008 90.0000 75.2033 90.0000 165.3777 221.6353 104.4699 81.7806 73.7050 77.4204 77.8158 357.1371 71.0745 62.2999 351.4701 36.1190 355.1012 243.4350 88.8765 36.0252 340.3464 65.8992 91.9095 10.4375 34.2150 62.3934 48.0130 32.1258 48.1451 290.3235 245.3240 221.6328 258.3104 271.8466
