GISData/GIS_aspect_15.txt
ncols         200
nrows         200
xllcorner	0.0
yllcorner	0.0
cellsize      15
[rows 56 to 83 of 200, columns 0 to 63 of 200]
34.1862 16.2600 344.8763 100.1251 104.5361 104.0371 75.4658 325.7834 246.7999 133.9197 186.3415 215.0738 173.6592 141.4991 196.8214 147.2635 154.9830 259.3305 259.8251 99.7815 123.6891 233.3102 206.5650 246.9739 284.0348 84.1931 77.3861 41.5311 341.3843 42.3274 357.6895 316.9966 343.9093 88.8940 44.2837 297.7983 315.4309 133.8769 135.7251 164.3206 172.8232 185.8561 265.0538 15.6422 192.0973 236.4972 226.7361 226.1690 190.7130 178.8067 190.8227 258.4655 246.5720 200.5555 240.5242 268.7946 259.5631 254.0554 229.3984 274.2900 25.1140 316.0820 298.0734 239.6212
16.8584 46.3325 45.0021 154.7970 66.3725 29.5389 31.2636 344.5782 37.5701 74.4756 267.3970 264.5585 127.8762 152.3012 191.6320 237.9872 37.8730 249.2751 238.8512 154.9326 135.0000 212.3477 193.8401 213.2314 198.0047 107.4747 102.6993 204.1022 261.7538 73.8673 309.8045 275.5171 108.2575 97.0976 153.1218 251.6411 243.0607 108.9876 102.6042 157.9490 193.8289 234.1305 261.2538 40.2363 90.0000 243.4345 195.3329 190.8137 167.7576 189.7995 201.7097 219.8635 239.9585 292.4431 293.7496 232.5948 210.4936 202.8334 217.4054 226.3751 203.6298 280.0077 239.9306 232.8543
12.4706 51.5970 59.5753 10.4922 350.7697 8.7464 37.8752 313.9180 56.0417 43.2987 330.2545 27.0961 70.1159 115.1162 224.9986 255.9632 64.6541 143.3451 224.5755 185.0636 140.0636 195.0683 212.6186 231.4416 210.3441 123.6904 114.8004 264.6853 282.1552 71.3580 169.8752 231.1552 133.2104 92.5319 131.1123 241.5929 229.7870 105.6422 114.4153 172.9621 198.4367 278.1913 273.7643 87.2732 87.5118 128.9921 174.9077 181.3804 165.7931 212.0054 233.2360 244.3123 243.7587 226.4691 186.6670 185.9206 207.8477 204.4106 217.7466 227.6325 186.8636 197.2815 204.1215 236.3107
29.2490 61.6657 40.6011 339.5379 349.0459 31.3282 59.9313 33.6901 43.9955 43.8765 353.8832 87.0637 94.9689 96.3396 188.1257 237.6805 161.2229 133.9775 209.9312 209.3097 158.8386 200.3235 276.4415 290.8865 8.3663 84.9578 87.5809 282.1268 280.3047 84.5768 93.9185 261.2853 274.6661 85.6913 60.1797 284.0876 277.7220 105.1612 97.1651 135.0000 209.7449 256.5042 271.2188 23.5002 126.6561 122.0925 166.3730 189.7071 156.8011 262.8062 285.6623 290.2659 232.7924 189.4032 175.8920 176.0815 234.6890 219.4003 212.1953 231.9272 198.4350 209.5394 240.4402 231.3410
111.3720 88.8072 12.1707 337.7239 10.1754 63.7498 84.9989 147.5301 51.3359 101.3074 64.9823 62.5922 37.5043 41.1862 56.7252 258.6906 148.4952 79.5918 253.6100 179.9984 174.3813 210.7842 244.3587 235.1244 189.4616 108.1129 80.5375 283.0692 291.9606 73.2075 5.1947 317.9869 359.3096 94.0972 107.0458 252.8971 259.9504 86.0997 74.1976 98.9307 149.8262 221.7775 233.0892 190.0803 132.7760 126.8074 191.0702 264.6112 327.4498 286.6995 274.1224 233.1303 137.6698 159.3046 202.8739 212.0818 236.3095 208.6946 181.6179 205.1875 222.1844 227.2905 236.5744 220.1257
12.7788 32.0537 20.5559 348.6896 46.0812 57.9950 45.0000 37.8743 6.5824 16.3900 47.7258 12.6798 10.3048 46.0615 43.3635 347.3466 20.8976 39.5227 12.8031 47.1215 7.1311 271.8480 246.9909 212.5927 219.0349 101.4210 84.0623 260.1020 260.6047 91.2636 63.4362 281.2148 80.5389 69.9049 73.3989 190.4691 183.5764 172.6476 153.7748 159.9045 125.6334 210.9640 222.9816 191.5975 152.9044 138.8534 192.4584 180.3898 183.7641 194.8083 201.7258 180.1802 157.2399 183.3561 208.2308 182.0867 175.7635 177.2452 178.4029 193.4075 222.5616 231.1254 225.0000 236.0827
12.8539 24.3562 14.1492 6.3404 68.1986 62.3001 21.6443 27.8965 27.7190 65.8555 79.3808 254.0542 5.1955 70.8205 50.2896 349.3146 353.0472 36.8699 55.2561 71.5651 333.4415 305.5386 292.7519 334.2882 288.4352 104.4899 118.9576 207.1877 215.5376 164.9572 196.0199 235.7581 147.4650 55.8256 42.7216 50.3745 159.1143 175.8998 167.4289 182.8445 129.5792 195.9458 214.7921 204.1964 189.0048 137.9107 152.0709 152.4474 191.1867 190.5576 182.8985 174.8322 160.4915 196.0222 213.4566 180.6930 163.1526 168.1709 174.9622 206.8720 250.3605 257.4141 258.6940 273.7643
16.0256 42.7396 44.2837 35.9809 43.7636 59.9315 9.4629 63.4353 60.7519 50.3327 50.5280 3.6922 16.5049 28.8100 43.4917 1.3642 345.2566 48.5766 69.3764 90.0000 165.3781 230.5988 253.4648 155.2273 226.2456 78.6901 75.4653 15.1240 252.4285 249.2736 348.2313 298.9027 302.0103 113.5511 45.6152 52.7870 50.0132 25.8590 60.2552 268.0588 270.0009 75.0047 114.4443 244.4396 234.8775 164.0543 143.4271 12.8576 347.9997 356.4096 9.0580 42.6143 6.6418 321.3400 12.0947 332.1029 356.8202 41.3478 14.7435 301.9529 288.5920 289.8851 281.6320 279.7518
40.6012 76.8665 72.5985 48.9928 56.6222 48.8140 14.4707 37.9541 36.5729 27.0837 28.6642 22.2040 4.2357 64.5361 56.3097 349.6962 309.4724 91.2466 80.3628 44.3106 33.3111 290.5565 230.9055 162.4081 221.7106 348.1790 45.8221 38.3201 318.2705 269.3843 252.5124 260.7887 154.5377 122.7359 87.7107 50.6810 42.7200 27.5387 15.8097 356.9199 345.1982 9.1303 21.3404 331.3728 344.4156 97.0381 256.6079 315.9392 340.6652 5.1257 14.0838 6.0334 351.6301 351.5567 16.1399 349.6337 9.6685 85.1883 127.5347 270.5645 271.1374 277.5392 220.4857 256.8656
18.7789 56.3105 53.2407 14.0360 44.1451 47.8269 24.2273 23.0086 49.4851 54.1184 70.3472 60.7085 357.7953 38.6585 74.6500 109.4410 170.5357 105.9452 73.0335 59.4207 55.2441 308.0479 304.6969 45.0000 278.1300 268.1520 37.3034 68.6704 51.9807 269.3566 272.5169 301.1852 24.9044 60.2547 162.1793 156.1941 92.1056 52.8895 26.1919 6.5112 347.6727 357.6015 1.5018 341.0511 4.6827 43.3775 343.3832 287.0440 307.2167 55.8138 5.8157 9.8843 339.1022 345.9637 33.5062 358.9647 100.0280 108.7618 241.3428 282.1425 270.8223 248.2630 240.0688 265.6430
3.1805 35.8628 51.4901 21.3366 57.5291 84.4889 73.8565 51.3418 75.3030 75.4654 64.0931 64.6986 30.4635 43.6025 87.0392 105.7510 168.4394 204.4451 78.4073 97.2141 113.6291 259.1592 336.1947 78.6903 230.1946 226.6687 250.6405 67.9490 40.7105 320.9743 311.7041 332.8799 80.5377 90.0000 62.8502 40.9135 76.3279 87.7689 76.6073 18.4363 2.4907 334.0102 326.6458 302.3811 21.3886 43.9998 355.5633 309.7717 284.7960 79.3808 274.0834 209.2487 178.8190 176.3380 167.7745 156.3097 105.6728 103.2521 290.1197 293.6999 297.2352 284.2726 277.9270 272.9107
0.0015 56.3101 69.0012 76.4297 44.3106 76.7870 74.3577 164.4728 82.7469 76.5348 36.8697 46.1244 62.7847 82.8768 90.0000 80.2477 13.4952 314.9992 55.9221 70.2672 66.1610 274.2373 167.7345 160.7692 204.3415 249.2757 240.3505 115.4631 91.3642 291.1246 295.2008 83.2915 107.2661 159.7179 135.0000 90.0000 49.3986 93.0940 80.8701 281.6895 343.0344 308.8840 273.1220 245.7260 206.5650 63.8002 39.1307 334.6979 269.9982 144.2465 155.7087 176.7162 161.7831 165.5033 199.2523 171.9080 101.7469 88.7544 281.7683 289.6904 285.3253 295.3246 277.5948 245.7989
5.7104 41.7843 49.8992 43.4091 24.9440 57.5286 62.2614 10.7844 37.7461 55.8404 68.7496 64.0941 81.4685 49.2350 76.5513 50.6494 360.0000 332.1010 72.4068 58.6958 14.5607 7.3860 76.3282 114.4419 225.0219 273.6530 245.1580 106.2603 248.1993 284.6761 261.0840 101.3107 104.0364 123.6878 154.9834 136.5491 136.0611 111.9305 48.0159 302.6807 347.0061 346.3728 326.0035 254.0538 180.0000 170.2713 98.5263 148.2385 360.0000 118.4961 125.2954 157.0970 181.3640 172.7757 210.4888 173.3797 67.1663 344.3343 310.9375 302.6996 271.1774 245.0956 217.7943 209.0544
14.7430 46.9742 42.5528 27.0724 41.9410 64.0061 68.5371 25.4981 20.5558 38.4371 47.8619 27.8014 59.8866 39.6672 29.4765 37.0309 22.1090 79.1133 63.4357 22.9341 13.8414 40.5332 32.3914 11.7691 3.2700 256.6740 268.1506 77.0056 280.8861 258.5037 195.5717 146.4757 145.8413 177.2731 135.0000 134.5491 147.1438 137.1746 302.8277 321.6798 356.3079 93.1781 238.6723 252.5530 90.0000 213.6867 119.7440 110.5552 219.8045 119.9816 109.0577 172.2596 295.3317 1.5343 347.9387 358.2375 5.6036 326.2059 309.1621 272.0952 244.6802 230.3554 208.5114 199.3850
50.1943 72.0961 81.2554 87.2742 84.5962 81.9331 74.7920 35.8370 30.7628 67.6710 57.9945 18.1380 28.9963 46.6683 60.2562 88.5687 102.8054 102.9954 328.5692 341.5657 12.0122 28.0240 61.8867 51.9279 12.9944 311.4230 282.5319 228.0146 218.6609 206.5647 179.0113 136.2723 180.0020 243.4320 100.2044 97.7920 80.5366 301.4782 284.6772 164.4766 178.7544 164.9814 240.1017 272.6051 108.4344 160.2019 159.9438 150.5239 206.1609 122.9936 95.0187 17.5919 294.1610 321.1398 24.4714 0.7898 313.1913 266.7478 226.3172 210.1138 214.8245 250.1677 254.9623 247.3825
66.3698 82.9621 75.1743 72.6462 82.7939 87.7973 88.1525 47.1199 24.9044 59.6882 62.6221 3.8149 51.9816 55.4913 71.5643 94.2675 92.1200 28.8859 323.2760 352.8759 26.9797 28.9260 61.4888 58.4960 30.6496 355.4251 11.3133 254.0472 208.6107 167.0044 147.3794 136.8452 241.9317 227.4902 116.2113 96.3405 2.2031 319.3166 5.1935 129.3692 169.1771 181.9081 227.6431 200.1708 172.5282 188.8418 119.5108 134.2156 228.8138 98.9593 98.9639 215.1341 246.8823 227.9466 162.1494 180.0000 185.8780 212.9053 215.0418 220.6004 243.9040 269.2509 275.4404 293.9620
49.2365 61.1133 45.7064 51.0428 69.7748 72.6457 65.5078 31.6068 1.3975 47.6266 70.3081 336.8014 92.7268 80.7166 78.6897 48.3659 30.7354 18.8858 296.8865 1.8480 24.6231 73.4951 74.5605 98.4887 106.5577 164.0556 258.6907 327.9936 98.1298 154.9834 191.8888 173.8833 157.7511 162.3238 156.6145 167.4727 321.9113 285.2555 113.0853 131.9883 245.5548 290.4097 174.6863 141.1967 203.1979 247.3797 40.6839 47.0450 313.7827 99.5022 102.6884 242.2158 262.7436 259.3547 145.6890 153.9582 175.2364 193.7293 223.3967 231.0503 253.0244 251.6651 235.5481 226.2733
61.8440 67.2491 55.5611 72.8976 79.9925 70.2015 54.6686 45.0005 6.1153 90.0009 91.4691 144.4629 137.4881 105.6901 100.7846 90.0021 36.2551 88.4527 214.7956 166.9446 191.7258 123.6904 99.3767 109.9817 102.6325 152.4469 207.8971 163.7395 176.1865 169.6931 101.3122 137.5643 150.7813 165.9638 153.4340 221.4966 238.7821 168.6889 116.5644 113.1986 255.9612 257.2422 81.3852 90.0000 263.4998 246.1133 107.3554 62.2421 71.5657 99.7950 98.3257 281.9761 273.2133 167.1958 155.6954 162.4380 184.0080 206.4804 237.4075 238.3556 258.4957 257.6922 223.9193 229.3157
110.3522 93.3172 91.0053 86.0827 104.5896 86.8642 81.0856 63.7892 82.6488 105.1008 93.2094 111.0362 38.1594 77.7048 59.3700 12.9952 45.0000 93.1793 187.8522 187.4312 202.6205 129.3699 102.3808 69.3041 59.1720 76.6759 182.1198 187.3859 208.6109 304.6969 74.4756 104.0359 105.7807 73.2998 153.4320 207.8965 178.3639 179.2925 149.2372 118.8859 199.7458 202.4573 149.3005 61.6316 315.0000 268.5676 187.9902 169.9915 115.8220 95.8825 97.3806 262.9199 244.9067 128.0190 157.4073 104.2372 53.0488 290.8859 275.0256 293.4983 275.4402 274.5248 263.2899 259.2415
94.2675 88.2639 96.6536 84.6438 71.5645 76.5782 64.3592 77.1525 94.3986 104.0358 95.8258 12.7241 50.6312 60.0179 68.1986 60.2550 85.4250 87.4733 31.2640 11.3109 303.6901 116.5661 97.7228 96.8442 71.1758 80.7282 69.5909 339.7727 271.7903 220.2352 127.3484 74.4069 52.7659 4.3986 70.0190 96.2029 150.8039 195.8320 180.9712 144.4628 176.4203 208.0751 232.8145 283.6275 64.9799 94.5714 186.2039 212.3471 243.4350 86.0755 90.1371 245.9975 206.8009 112.7429 307.5870 14.9517 35.3349 285.6637 289.5730 291.1935 247.3132 251.6835 214.3291 251.1306
72.8979 58.2990 58.1509 43.3937 29.1804 54.9681 54.0900 61.3137 75.5099 66.5712 59.5357 82.4067 107.6509 123.2748 104.0361 112.9633 109.0926 79.3798 50.7107 351.2584 101.3116 90.0009 123.9970 116.5651 67.3781 29.4457 35.5379 353.1902 15.9429 108.4350 147.0943 15.9462 49.3987 41.5317 56.7680 67.3795 62.7435 333.4524 165.9638 177.6622 194.7432 201.0420 246.8017 223.0904 166.3750 140.1944 351.8752 220.6033 230.4406 67.3628 48.8557 348.4726 344.8864 347.8789 324.6196 56.1740 76.8327 270.0000 271.3375 206.3507 225.8639 248.0147 266.1121 276.9348
49.7634 47.0699 66.0374 74.1975 93.1804 76.5266 69.2740 31.3898 54.7062 60.4740 60.1252 101.6347 99.8661 91.5078 68.7486 63.4350 36.1188 73.8868 109.4402 149.0347 153.9240 123.4531 138.1548 175.9146 205.4075 30.9650 79.8245 89.9986 90.0000 326.3109 11.5133 7.6668 18.0057 88.0904 101.0403 119.8461 112.6200 136.2182 136.1235 257.0059 264.8065 343.2992 254.0527 176.1866 180.0019 186.8425 326.3111 113.1978 219.4711 50.1943 26.4810 10.7776 1.6483 328.0652 358.6828 96.8608 155.4750 243.1909 230.7105 229.3047 278.3257 270.0000 288.5955 261.8706
28.6731 54.6893 91.2733 113.0974 132.8793 111.5413 81.1194 62.5916 58.6429 79.4389 78.0792 68.3848 71.9953 87.7546 91.5927 43.7818 48.4683 68.5521 99.7271 137.3846 156.8011 122.1960 106.8589 159.2757 223.6358 179.0758 149.4214 149.0375 333.9972 329.8868 21.9485 34.9923 32.1969 84.4277 90.8186 117.5122 123.3106 138.1792 126.2544 237.8489 258.3126 218.6595 174.8045 141.0092 219.2086 240.3957 187.3051 132.1381 261.8699 293.6298 196.7014 38.3511 356.2482 322.5329 84.5594 76.0445 85.5373 247.0510 219.2893 221.8659 245.9079 264.4908 251.7271 218.8679
76.7016 89.2659 90.0004 92.0218 81.0282 103.0552 97.7651 142.4291 87.6142 84.7187 80.9981 70.3453 96.2028 102.7717 138.9927 214.9932 90.0000 80.0358 94.2362 95.5722 127.8767 78.9073 74.1809 89.9983 258.2344 185.0410 136.9769 90.0219 302.9978 303.6912 72.8969 132.7088 70.7104 86.8890 90.0000 85.9143 103.2407 95.7105 116.5665 232.5956 211.1847 188.2746 158.6815 145.5400 235.9808 253.2012 150.7513 147.9936 272.8623 34.3805 133.6035 248.3443 271.5497 40.6027 52.1743 55.5787 64.2838 78.6901 221.3698 233.6625 246.1269 259.2794 236.0938 250.3466
121.1225 97.6503 73.3689 67.6195 59.8269 68.7909 53.1290 46.2201 83.2468 75.9639 72.2552 53.1300 76.1590 80.5371 114.2254 204.7815 122.1251 102.3082 83.2467 83.6600 89.9781 58.5686 65.2242 30.9629 353.4182 73.8873 228.0157 289.7080 279.0580 90.0000 121.0542 165.4654 195.0176 93.1797 79.3459 56.8883 67.6937 76.5689 117.4747 180.0031 199.1794 224.9989 138.8129 117.1817 252.8969 239.6763 122.5506 232.6498 202.8331 149.7972 185.8567 256.1595 243.7582 146.6880 104.6765 67.7331 65.2783 64.8781 56.9755 238.5706 255.6281 249.2085 243.4355 226.6381
50.1955 58.5703 50.3426 65.7456 52.3341 51.4830 36.4684 62.5614 76.3295 70.7104 75.3584 78.9965 97.6404 87.0257 4.0832 89.9988 110.8978 134.1447 90.0000 87.1370 107.7430 133.3618 117.0953 72.4726 270.0000 84.0942 215.5394 262.1166 211.1215 155.6598 129.0941 74.4750 148.6696 113.9623 101.1427 63.4359 60.3957 61.8759 44.9984 91.4680 147.2648 201.4307 199.5023 139.3431 192.6334 216.1934 147.8601 160.0763 178.9905 179.2625 187.2607 212.7769 222.5852 170.1334 154.1794 59.5346 44.5319 34.4826 18.4348 23.9626 244.9273 232.1020 220.4336 231.3406
5.7167 95.0807 75.4257 75.5294 62.5918 59.8859 74.9814 85.9721 85.8552 93.0127 93.7084 105.8436 91.2322 94.5743 356.6302 87.1377 74.1973 60.9450 85.6010 91.5909 94.0864 140.1942 123.4254 170.8694 189.7815 92.8623 309.0926 255.9629 186.7085 139.6876 73.6117 55.3073 48.8179 120.7847 120.4261 148.2986 88.0262 40.1004 13.5233 48.3233 75.4470 149.6568 162.7392 167.2711 184.8558 189.7121 162.7458 168.0357 190.6539 184.2682 175.5859 200.9207 220.5418 209.8140 201.4772 239.6201 36.5022 39.0498 29.6815 51.9459 258.4763 243.4349 226.0986 230.3814
194.7421 112.2858 115.0680 95.7109 81.9956 54.3247 57.7722 67.8339 79.5090 86.5833 84.4548 87.0495 75.9642 100.9236 150.6459 111.0381 92.1215 95.1955 100.4608 118.0731 93.9459 74.0542 61.8213 0.0015 334.9823 58.5703 341.5672 311.9877 318.2572 3.5209 52.1252 139.8995 117.9513 100.8861 98.2979 112.8339 309.2881 10.0064 49.5381 65.5014 58.2888 92.6292 125.3027 157.9539 181.6572 191.8455 149.2324 134.9927 319.1619 359.1884 39.8850 196.9547 238.8117 230.3258 237.0122 238.6275 264.4725 129.2258 116.3234 99.8921 173.8112 269.8534 251.2268 246.5618
