GISData/GIS_slope_15.txt
ncols         200
nrows         200
xllcorner	0.0
yllcorner	0.0
cellsize      15
[rows 0 to 31 of 200, columns 71 to 141 of 200]
0.3150 0.6682 1.0564 0.1575 1.1559 0.8583 0.3820 0.5679 0.4724 1.2597 0.8884 0.8057 4.1687 1.7251 4.3816 2.6057 1.1615 2.9896 2.2846 1.6580 2.4144 2.2343 1.4893 1.4830 1.3323 1.6806 3.2754 1.5318 1.9656 2.1765 1.0112 1.7184 2.6458 1.9514 0.2702 0.9938 4.7263 6.3537 3.1327 1.4456 0.7734 4.0601 3.6311 3.6627 6.2091 12.8351 13.0606 4.1401 7.1438 7.4281 0.7297 3.5643 2.3064 1.1616 1.1559 0.6159 3.2205 2.9128 0.8263 0.5024 0.8709 1.5713 5.4505 5.2301 1.7713 4.5014 4.2350 2.3834 7.5389 5.4858 4.7002
2.1845 2.1520 1.9803 2.6385 3.1623 3.1025 2.6787 2.8029 2.9396 3.1754 3.5761 2.4443 2.4074 0.3522 2.6514 3.5866 3.8413 3.6627 2.8348 2.4098 2.5205 1.8011 1.1355 1.0425 1.8428 2.5174 3.1918 1.7829 2.6809 2.4886 1.7812 1.5451 2.7324 1.8273 1.4006 1.1932 5.8321 7.2386 1.9559 1.7689 0.3264 2.7652 3.5568 4.4006 7.9600 17.7473 14.1116 4.7723 7.5367 5.8156 2.4294 3.4264 2.4098 1.1796 1.1285 1.0389 2.4458 2.8358 3.4355 6.1726 6.8759 6.4487 2.2067 3.8613 6.6855 7.8948 6.4896 4.4410 8.8186 6.4096 4.4070
2.5678 2.8505 3.1747 3.1506 3.5721 2.8122 3.1729 3.1374 3.5130 3.3332 3.4143 3.3990 3.3308 3.4969 3.7062 4.8544 5.0676 5.1566 3.8483 3.1404 2.1466 1.3063 1.0802 0.9078 2.2560 3.3245 3.7537 2.3570 3.5709 2.1065 1.2695 1.9439 3.4642 2.8400 1.4637 1.7689 5.8383 6.8529 0.6123 1.8522 1.2487 1.6403 1.7767 3.1616 8.3735 18.7018 17.8622 6.4319 10.3598 4.5666 3.8249 3.0177 1.7718 0.3150 0.4786 2.9416 5.4838 8.8666 6.9576 3.7998 1.7524 3.6629 4.3476 7.3567 9.0875 6.0441 3.5533 4.3551 8.0307 5.8146 2.1027
1.1895 2.1611 1.8471 1.2609 1.1102 0.8908 1.0319 0.5843 0.6571 0.9433 0.8263 0.9055 1.5582 1.9843 1.6057 1.2747 1.3389 1.5261 1.5601 1.2510 1.5122 1.0591 1.6473 1.8285 1.7524 2.2734 2.4144 1.5507 2.2343 0.6357 1.1514 3.1582 1.8804 0.9760 0.9394 1.8092 6.7408 6.3375 2.1278 2.3779 1.0564 2.5993 2.5286 2.9770 7.8464 20.4149 20.1224 1.5030 11.7254 5.1808 1.2747 1.5745 1.1336 3.7768 5.6001 8.5428 5.5931 3.2596 5.1561 6.4737 7.4798 8.6035 5.3415 2.8397 3.1116 1.4854 3.3375 6.1683 7.3978 4.6944 1.9095
1.7570 0.6594 1.5897 1.2597 1.0277 1.1336 0.5361 0.5469 0.7297 1.1992 0.7948 0.8718 1.0870 0.7639 0.7247 0.7267 0.6681 0.7837 0.7534 1.0277 1.9711 1.6910 1.7930 1.5662 1.2340 1.4135 1.8012 0.8165 1.9869 1.1076 1.7415 3.3981 1.8012 0.7135 1.1310 1.5351 7.0448 5.9088 3.2579 2.5756 2.0019 3.3196 2.9691 3.9552 5.9666 11.6870 19.9470 10.7802 8.2623 5.7664 0.6800 1.0025 1.9932 6.9078 8.4158 4.6570 6.5318 9.3496 6.0507 5.4144 1.4751 3.1763 2.1343 1.1102 2.9701 3.4986 5.0097 6.2451 3.8977 2.2985 0.7562
2.1709 1.5699 1.8522 2.4727 2.1789 1.9931 1.4006 1.5657 1.8803 2.3834 1.9507 2.2615 1.9387 1.6202 1.4532 1.6802 1.8803 1.5745 1.1135 0.9996 2.2460 1.7898 1.3631 1.2695 1.0536 1.8907 1.8788 1.2131 0.9301 0.9246 2.8072 2.8786 1.3035 1.0390 1.6211 2.4586 7.2667 5.5095 3.8993 2.7076 1.8865 3.6454 4.6231 4.5728 6.1889 6.8253 12.1562 15.0928 5.9684 5.1830 9.3583 4.3762 4.3055 4.7381 3.0395 9.4194 10.3756 5.9641 0.6970 2.2196 3.1623 2.9356 1.3361 0.1947 3.8948 2.8484 1.8344 3.3332 3.2449 3.0531 2.3570
1.8644 1.8957 1.5370 2.3400 2.8634 2.0674 1.3901 0.8859 1.1883 1.4089 0.9930 1.1659 1.3366 1.6522 1.6201 2.1003 2.1503 1.8900 1.8332 1.7619 1.6636 1.3502 0.2416 0.8057 1.0148 1.9655 2.2421 1.7983 2.4348 2.5677 2.3240 2.1948 1.7689 1.7415 1.7268 2.2144 7.6360 5.3860 4.2976 2.6293 3.2466 4.2520 5.9066 4.8912 4.1069 3.8476 3.8641 9.4564 10.4981 4.5488 6.0963 5.8409 3.0170 3.1708 7.1622 9.1269 6.0384 1.7183 0.3624 1.6043 3.7837 3.3853 1.2510 0.8245 2.9493 3.1623 2.3754 3.0588 2.4979 5.1857 4.2661
1.4380 1.4913 1.4269 1.2838 1.1239 1.2985 1.3769 1.0091 1.0924 1.5824 0.6171 0.7012 0.7377 1.1336 1.0091 1.0341 0.9487 0.9449 1.1082 1.4176 1.5413 1.1986 0.7043 1.1690 1.1394 1.5507 2.1816 0.7043 2.2372 2.2460 2.1597 3.0061 2.3400 2.7558 1.9126 1.9559 6.9635 4.8776 2.9190 1.8597 1.5582 3.4640 4.8947 4.9778 4.4372 3.3499 2.0508 5.1896 12.0723 13.3610 1.9711 9.3997 7.0579 4.7968 8.7065 2.7841 1.3410 0.8480 1.4751 0.9433 3.0837 4.3041 1.9711 1.8432 2.4144 1.3838 1.9152 3.3549 3.5421 5.3111 3.7830
1.3985 0.7022 1.8648 3.1430 0.4599 1.0762 1.5934 1.1017 0.7043 1.3844 1.1394 0.6671 0.9487 2.0748 1.3366 0.6800 0.9111 0.9790 1.4542 1.5824 1.1559 1.2528 1.0090 1.2527 1.2712 1.0701 1.9566 0.8030 2.3241 2.0218 0.7533 2.4824 2.3663 1.9023 1.9171 1.8506 6.5295 4.4874 2.5677 1.2883 1.4457 4.2397 4.8449 3.9237 4.6890 4.1438 2.0121 4.6133 6.7382 14.9427 7.5485 9.2542 4.1798 7.7891 5.9162 0.7504 1.0612 1.3843 1.7230 0.4786 1.3416 2.9128 3.3610 2.1058 1.6910 1.0390 3.3229 4.8444 2.8789 4.0509 3.2197
1.6061 1.5948 0.7012 1.8522 1.5351 1.5261 2.2537 2.9415 2.1384 2.2602 1.9811 1.5375 1.1895 2.0207 1.9986 2.0268 2.3779 1.9398 1.4557 1.0047 1.4053 1.1987 0.8412 0.8710 1.1336 1.5132 2.3240 1.5745 1.0701 1.3881 2.1271 3.8551 2.9257 1.5049 1.4314 2.0250 8.0865 3.2361 4.2845 0.2057 2.7634 5.1990 4.3149 4.2130 4.9167 3.4345 0.7610 4.8705 7.1846 13.6260 9.2087 5.3457 7.1714 10.4869 5.3480 1.6750 0.9548 1.7767 2.5515 1.3534 1.9084 4.4163 2.7995 2.2731 2.8611 1.5787 4.1943 5.6636 1.5275 1.7200 2.3162
2.1397 3.6576 3.0158 3.1662 1.4971 2.2262 2.8504 4.3667 3.8978 2.4434 1.9262 1.9277 1.8714 2.1411 1.4751 1.0997 1.3901 1.5131 0.9737 0.9916 1.2340 1.4350 1.1515 0.8342 1.9187 2.2702 2.9128 2.3916 1.6079 2.0355 2.8499 3.1402 2.7736 2.0790 2.0265 3.1088 9.2739 2.9255 6.4958 1.1181 3.9581 5.0004 3.8006 2.8258 5.0744 4.6661 3.4026 4.5052 5.1752 9.8282 10.3802 3.1450 11.3121 12.1209 1.3690 1.8336 1.5006 2.0121 2.4102 2.2353 3.4389 4.0386 2.4443 1.7553 1.8850 3.0194 5.1932 4.9901 0.9230 1.2626 2.7145
3.1116 1.6184 0.6039 0.9790 1.1464 2.8407 2.7886 1.4177 2.3736 1.9514 0.8908 1.1895 1.3257 1.2440 1.0863 0.8263 1.0389 0.4202 0.4131 1.2510 1.6201 1.0652 0.9054 1.3546 2.3746 2.4886 2.4038 1.6949 2.2261 2.5119 3.2381 2.4443 2.1137 1.3838 1.4457 3.9875 9.1648 0.7865 6.7726 1.9803 4.1254 5.3335 3.3465 3.4682 5.2471 4.5174 3.9685 4.3991 3.1948 4.4093 9.6408 9.4251 9.5635 13.4922 1.0170 0.9738 0.8884 1.1102 1.0319 0.1575 2.9426 4.5141 3.2061 1.8838 0.9245 2.4812 5.9452 4.6892 0.7257 0.8726 1.8093
1.4617 0.7504 1.0564 0.3838 2.3745 2.1533 2.6426 1.1716 1.2695 2.3761 2.0842 2.4600 1.7602 1.5337 1.2695 0.8227 1.0169 0.7837 0.7043 0.8376 0.9737 0.7533 0.9449 1.4517 2.4246 1.9559 2.1371 1.5699 1.4854 1.9274 2.5606 1.5583 1.1691 2.0336 2.6656 5.4884 7.1903 1.5006 4.6642 1.3775 4.0865 5.4755 4.0165 3.8402 5.1574 3.4515 3.1099 3.3958 1.1547 3.1349 7.8609 10.7536 7.5744 12.1066 1.7184 0.3820 0.6299 1.1845 0.6323 1.2340 4.1157 3.9948 3.5248 1.9854 0.5320 2.4509 6.6497 4.9643 0.7043 1.3124 2.2577
0.9548 1.8725 3.3803 3.9342 3.9574 2.1394 0.8103 2.1271 1.1962 1.6949 2.2845 1.7800 1.4151 1.4913 2.0326 2.2525 2.6215 2.8965 2.7610 2.4351 1.7390 1.2227 1.5507 1.8253 2.1343 2.3746 2.5220 2.0095 2.0004 2.7841 3.2986 2.0748 0.9737 0.9930 2.2731 6.8980 6.1274 1.9825 2.1597 4.3309 6.5512 7.7635 7.0570 6.6444 5.9027 4.4364 3.9913 3.8853 2.4246 2.2137 4.7295 8.2935 6.6277 9.3652 0.8643 0.9079 0.5509 0.7297 2.4541 2.9270 5.2637 3.5097 3.2118 1.7763 0.6671 1.4151 4.8846 5.6834 2.1343 1.9152 2.5858
2.3487 2.8407 2.9267 2.8789 2.9984 1.9458 1.6962 1.6314 2.3974 1.7336 1.6057 0.7267 0.1377 0.2755 0.7865 1.5203 1.8336 1.8153 1.7150 1.6819 1.5294 0.7504 1.1457 1.5064 1.8907 2.2884 2.0695 2.0250 1.1489 1.7718 1.9656 1.1135 1.8332 2.6892 3.6534 7.0081 6.9534 3.5279 5.2977 6.9036 9.4995 10.1373 8.8870 8.7030 7.2143 5.6342 3.8961 3.7070 2.7862 2.2960 2.7642 2.5104 3.7682 4.0447 1.1278 1.4151 0.7347 1.6522 1.5261 3.2381 5.7833 4.9206 3.2614 1.7289 1.8332 2.1411 3.1060 4.8447 4.0012 2.5601 1.9470
1.0319 1.4672 0.9079 0.8412 1.7951 1.1684 2.9007 2.8338 2.9326 1.2804 0.7734 1.8992 1.1962 0.8385 1.1336 1.0816 1.2962 0.9723 0.8057 0.4270 0.8030 0.1708 1.4741 1.8647 1.6473 2.0508 1.6702 1.4176 0.5401 1.7582 1.2991 0.7105 1.7302 2.1869 3.3371 6.8458 7.6527 3.4499 3.9678 6.4443 8.2596 9.3286 6.2121 5.2477 3.8933 3.0893 1.5699 0.8990 2.2408 3.8550 7.4406 7.5828 8.6876 5.6284 0.8102 1.4172 1.8204 3.5591 1.2991 2.7695 5.9988 5.4458 2.5312 1.1102 2.3359 2.5008 1.6880 4.0026 6.0588 3.7423 2.0583
0.3150 0.7610 0.8245 0.9449 1.3191 0.4321 1.9637 2.3561 2.3907 0.9363 1.1122 1.7800 1.6184 1.5947 1.9065 1.3152 1.2695 0.9246 1.2131 1.0997 1.3796 1.5006 2.2196 2.5220 1.9800 1.3063 1.4874 1.6039 0.6970 1.2510 1.8024 0.6504 3.1267 2.8512 1.9708 5.8835 7.9091 3.5806 4.4935 7.5843 8.0477 7.3436 3.6574 3.1228 2.0250 2.2683 1.5892 1.0755 2.7492 9.6458 13.0836 12.6713 14.5869 9.3839 2.1220 1.1102 2.3864 3.4535 0.5729 2.2262 4.5182 6.1772 4.0823 2.7695 2.4077 2.6216 1.4874 2.0874 6.4548 4.2561 0.6403
0.9182 1.7652 2.9127 2.9563 1.9854 0.6218 0.5780 3.6687 2.5872 1.5915 1.4972 1.1393 2.1414 2.2157 1.8958 1.4542 1.7162 1.7449 1.2275 1.6579 2.2239 2.2031 1.4617 1.5699 1.1102 0.2161 1.5732 1.2985 0.4355 1.5208 1.6111 1.5507 3.8748 2.9954 1.4089 4.7259 8.6084 5.1404 4.1674 6.7535 5.9467 5.0361 1.9092 1.3372 0.8262 1.2227 0.9737 1.5731 9.6493 11.7418 4.5364 6.3816 13.9198 10.3757 1.4006 1.5063 3.0493 3.7759 1.2440 2.6892 5.9074 7.9754 7.1664 4.5513 2.8215 2.4458 1.3169 1.4854 5.5613 4.1657 2.1909
1.2832 1.6776 2.8688 2.3287 2.7333 1.8024 2.3400 2.6459 1.2227 0.4832 0.7347 1.5465 2.3061 2.4198 1.6702 1.4492 1.8253 1.4315 0.7043 0.4647 0.7874 0.6403 0.4615 1.7201 1.1845 0.7610 1.1285 0.8941 0.3932 1.0937 2.0561 2.4243 3.4516 2.8338 1.6636 3.5627 9.2424 6.2854 2.7697 4.9952 3.8393 3.4065 2.5220 2.5381 1.0762 1.5016 1.5671 2.4053 12.2015 7.5744 7.2819 14.6389 12.9038 8.2283 2.0490 2.0929 3.2136 3.1836 2.2120 1.8772 3.0686 5.3053 6.3296 6.3075 4.4163 2.7786 2.0120 0.8057 4.1506 4.0915 3.6469
1.3546 1.8273 2.1411 0.3285 1.6206 2.4927 2.6634 1.8581 1.6237 1.1765 1.2985 1.0319 1.7486 1.4517 2.1547 1.6210 1.4335 0.6886 0.8030 0.2446 0.6886 0.6159 1.0803 1.9171 2.0250 1.7878 1.9297 1.6224 1.2695 2.2369 3.1879 3.5271 2.9828 1.9803 1.2990 2.0773 9.6373 8.9394 1.9858 2.7143 4.8501 3.7809 2.0066 2.8243 1.4736 1.7369 1.7602 2.2343 13.5697 3.9931 13.5591 5.3915 2.5208 3.4601 3.6834 4.3115 4.1936 2.9622 1.3513 0.9857 1.6566 4.4368 7.0886 8.3004 5.3581 3.3412 2.1085 0.8200 2.6163 3.9348 5.1652
0.7022 1.4135 0.8818 0.9640 1.1076 1.9084 1.1135 0.9448 1.9533 1.5069 2.5621 0.7975 1.9175 1.2527 2.1839 1.5675 1.3769 1.0619 1.0277 0.6875 0.9996 1.3497 1.2968 1.5988 1.6402 1.1016 1.0425 1.3838 1.4741 1.9065 2.5113 2.4252 2.1557 1.2059 2.2068 2.6538 8.8702 10.2088 2.4859 1.4052 4.7355 5.0029 3.4480 3.3562 2.1925 1.9979 2.1765 4.4536 8.1079 4.2758 10.1295 3.2395 1.5993 1.6057 3.1763 3.1041 2.8174 3.0271 2.6467 2.3064 2.3807 3.3569 6.7918 9.5833 8.2910 5.7194 3.3803 3.1533 2.5335 3.8028 4.7587
1.9825 1.6597 1.1445 0.9760 1.6313 1.1596 1.2626 2.0193 2.8420 2.9767 3.8300 2.6015 2.4627 2.9855 2.1271 2.3222 1.1181 0.9230 1.1278 1.3754 1.7951 1.9065 1.6579 1.4269 1.6526 1.8109 1.4972 1.5601 1.8285 2.3440 2.7830 2.5095 1.2649 0.5429 1.5064 1.9811 7.3450 10.9605 6.0891 3.7498 6.0659 6.3845 5.2631 4.0461 4.9296 8.3409 12.3266 12.9241 4.4550 4.9726 6.3239 1.7052 1.3770 1.2228 1.2810 1.2923 1.8145 1.3497 1.4830 1.1464 1.4011 2.1220 5.6047 9.7541 11.4489 9.9081 4.9600 2.6631 1.6438 3.1623 4.2758
2.4669 2.0326 2.7786 1.6841 2.0160 1.0996 1.1846 1.6702 2.6787 2.1384 2.1705 1.4213 0.8455 1.9065 1.3125 1.9398 1.8892 1.4457 1.7878 1.4899 1.7898 1.5893 1.3938 1.1597 0.9640 1.6915 1.5146 0.9549 2.9964 2.6113 2.4909 2.4077 0.4322 1.4913 1.7390 2.7990 4.5341 8.2799 6.4586 5.2768 6.6734 6.7901 7.8601 4.7375 5.4680 11.2003 12.0090 8.7065 10.4958 5.7908 0.8412 1.7251 1.9469 1.6425 0.3416 0.7837 1.5375 2.0561 1.6206 1.0149 0.9079 1.8427 2.8010 5.8389 10.2654 11.6173 9.0333 5.4490 4.7271 4.6175 3.8114
1.5204 1.5699 1.9187 2.1792 1.5069 2.2147 0.6159 0.5361 1.9458 1.0762 0.8718 2.7841 0.8174 1.4830 0.7874 0.7012 1.3340 1.5069 1.6789 1.1938 1.2649 0.6758 0.4663 0.8643 0.7043 1.2655 1.3561 0.3624 3.5836 2.6118 1.1356 1.5203 0.4966 1.5451 2.1705 2.9127 2.9586 5.1958 3.4726 4.3935 6.3781 6.0011 6.7681 4.9588 10.9932 12.0189 1.6776 10.9867 13.6061 4.9423 1.3416 1.1938 0.1910 0.8030 1.5107 1.1394 1.2132 2.2909 0.9760 0.5320 1.5131 1.9308 0.5561 1.7569 5.6376 10.0240 8.6508 6.0601 5.5351 4.2253 3.0957
2.9118 2.6817 2.1503 2.2173 1.6880 1.2649 0.2562 0.6504 1.6789 1.3191 0.3988 1.6425 0.9549 1.2227 1.7951 1.9574 1.5952 1.8189 1.6491 1.2393 1.3502 1.0341 0.7865 1.1616 0.9937 0.9456 1.0563 0.4355 3.9372 2.4506 1.3833 1.2603 1.2838 1.9913 3.8307 3.4389 2.2538 2.9769 2.5959 4.9416 7.1089 6.4446 5.1611 3.8330 15.3233 14.4787 3.2433 10.5190 10.6785 5.3550 1.5883 0.4322 0.8481 1.0277 1.6949 1.6768 3.5106 3.4061 2.4038 3.7070 1.9357 2.6293 2.1216 2.6906 4.1443 6.7468 4.9765 5.4075 7.9785 4.0260 2.1577
2.6762 2.4506 1.1634 0.7975 1.5370 0.5307 1.3770 1.6776 2.5104 2.3745 2.5586 2.9098 1.0112 0.7948 1.4971 2.3570 1.2695 0.8710 1.3141 1.4517 1.4541 1.6819 1.9655 2.4053 1.9854 1.7714 1.2340 0.9959 3.7236 3.2860 1.5823 1.5731 2.2683 1.4736 1.3323 2.3399 1.6841 1.6527 3.2327 4.3962 6.3278 7.3740 5.0876 3.8656 15.5529 14.5748 12.8272 5.4000 4.0724 11.2688 14.0379 10.2060 9.6865 10.8803 11.7810 13.0811 12.1523 11.5983 9.7263 9.4717 10.7311 12.7027 13.0887 11.5522 10.4205 9.2800 6.2250 6.0088 9.1503 4.9245 2.2225
1.3497 1.8632 1.8803 0.1910 1.0112 0.9182 1.7951 1.0263 1.0047 2.3064 3.1930 3.7791 3.3523 3.0215 2.9425 2.8052 0.5678 0.4600 0.9394 1.7302 1.7763 1.7188 1.4854 2.4565 2.1766 2.7247 1.9096 1.6680 3.8391 3.2523 2.2134 2.4727 2.4769 0.8710 0.9079 2.7523 1.1895 1.2316 2.7164 2.6316 5.5258 7.5359 6.4728 3.8656 12.0654 15.3342 16.2224 13.1745 9.3020 6.0953 12.7523 14.1726 14.9322 15.8515 11.7568 8.8085 3.9148 2.0161 2.8743 3.1237 4.3164 5.6392 9.1380 10.0624 12.0975 13.4591 7.1622 5.0842 9.2163 5.6335 3.2056
0.3895 1.4396 2.0066 1.1716 1.1458 1.5107 1.7357 1.2649 0.9301 1.0025 1.9357 0.4114 1.9756 1.6544 3.0992 2.3682 2.1926 1.7763 1.1076 1.1082 0.4966 0.0854 0.4965 2.3487 1.4517 1.4083 1.7569 1.9458 3.2986 2.6800 0.7639 0.5320 0.8818 0.7837 1.2299 2.4389 1.2985 1.1962 2.5575 1.8620 3.3132 5.4342 6.0312 3.8613 3.4642 3.6534 3.8294 7.0700 15.7827 11.6294 9.3797 3.9348 2.3074 4.9049 8.3951 9.3685 9.3509 10.8369 10.4275 9.0637 10.2090 12.3878 13.3058 12.1318 6.6999 9.3400 10.6154 6.1660 8.5781 6.4659 3.4925
1.9843 2.2779 2.0336 1.9711 2.5982 2.5601 2.1975 1.6871 1.3674 0.3416 1.5394 1.1956 1.3074 1.4913 2.6051 1.4517 1.1490 1.5275 1.3902 1.6531 0.7677 0.7105 1.1239 2.3259 1.3240 0.4599 1.1956 1.6057 3.0170 2.1516 0.7611 0.9487 2.5587 2.0916 1.9152 1.9171 1.8188 2.3610 3.1596 4.0330 4.4228 3.3131 5.5594 4.2656 2.4422 2.1370 2.4099 3.4819 12.0376 13.3382 14.9956 14.3893 15.5885 15.3592 15.1176 10.0474 5.9040 6.1315 5.6109 4.7211 7.3442 8.1808 10.6865 12.2654 7.8950 4.5995 15.6608 12.0850 8.6429 5.8310 3.3196
1.2764 1.4691 2.5714 3.0721 2.6582 1.6871 1.0191 1.0191 0.9996 1.2422 1.4977 2.4159 1.9175 2.5472 2.0044 1.0169 1.6152 0.8454 0.8403 1.0425 2.6437 3.1025 3.2057 2.1816 1.3844 1.1895 1.1931 1.0618 1.4913 2.2261 1.0425 0.9014 3.3413 2.7164 1.3711 1.9323 3.4547 2.7841 2.4159 2.9210 3.0271 3.0013 3.1300 3.7469 4.1672 2.7925 2.2143 2.2988 3.3545 4.6933 7.1902 7.5436 11.8700 11.6839 11.4477 6.9198 4.8989 3.8931 2.3662 3.1598 7.5151 7.7463 12.4076 12.7012 8.8960 1.8011 14.6627 11.8532 7.6901 5.7609 3.6103
0.9238 1.8364 2.8408 2.8443 2.3770 1.6097 1.4697 1.1864 1.9844 1.8443 0.7790 2.6678 2.2421 1.4751 0.7022 0.7562 2.0999 2.2919 0.9433 1.4692 1.6579 2.6001 2.2163 1.9607 0.9230 0.6040 0.3819 0.5561 1.7689 1.9913 0.2754 1.1616 3.4169 2.2913 1.1135 1.8651 2.8930 2.2769 1.5810 2.8748 2.8266 2.0297 1.8803 1.2990 2.6473 3.5234 2.2502 2.3907 0.8917 1.0319 2.8990 1.4213 1.6671 2.4627 2.2538 1.8557 1.2695 0.5096 0.7176 1.8644 14.3713 14.3175 11.7178 6.8237 6.5313 13.7160 16.6135 11.7725 7.1182 5.2298 3.3584
1.6737 1.4517 1.5030 0.9456 2.0929 1.8957 2.4886 2.0674 2.8695 2.5303 2.2833 2.9257 2.8366 1.7603 1.8506 1.5550 1.4854 2.3512 1.5699 1.9711 1.3389 0.8165 1.2227 1.5993 1.3502 0.6218 0.6875 0.7686 1.0816 1.3186 2.2718 1.9273 2.1058 1.7975 3.0343 1.8108 1.4874 1.4532 0.6299 1.3035 3.2823 3.9328 0.9456 1.3372 3.2933 4.1703 2.6656 2.9860 0.3988 1.0653 1.8360 0.9960 1.3711 0.8438 0.6671 0.2700 0.8990 1.2156 2.0149 1.7077 14.1236 11.9099 10.7040 12.9940 15.8456 13.6175 7.4077 5.2297 5.8278 4.8323 3.1623
