GISData/GIS_slope_15.txt
ncols         200
nrows         200
xllcorner	0.0
yllcorner	0.0
cellsize      15
[rows 128 to 159 of 200, columns 0 to 70 of 200]
3.1025 2.2196 1.1355 1.1023 1.5988 2.7142 2.8664 3.2647 2.2985 2.0518 2.3561 1.7432 1.8849 2.6884 4.0574 3.0194 2.6384 2.1604 2.5424 2.7576 2.9445 3.8446 3.8724 2.9462 2.4252 4.5059 4.4938 2.7953 6.0844 5.3469 4.1525 3.8391 3.3584 3.9504 3.3803 3.2489 2.8849 3.1151 4.7455 5.7267 4.6570 4.8770 2.9445 1.6580 2.0294 1.5451 0.8120 3.4925 4.3882 7.9626 10.5805 11.2394 2.8369 6.0896 16.0411 14.7591 9.5668 5.1719 6.7374 5.1742 3.9463 3.3913 10.7347 13.7758 1.0701 2.3222 1.0721 1.4259 2.0466 1.2838 1.5049
2.1654 1.6097 1.7251 1.8725 1.9307 1.0248 1.0191 2.8121 2.7523 1.8958 2.9237 3.6813 3.2395 3.7914 3.3017 3.1404 3.3724 3.3562 2.7862 2.0322 2.1547 2.9066 3.5836 3.3471 1.7878 3.9510 4.1036 4.0601 6.6286 7.0690 5.0121 3.0176 3.2875 3.9135 3.5578 4.6878 5.0845 4.1708 4.7672 4.9881 4.7431 4.8471 4.0775 4.2397 4.2004 1.8900 2.2708 1.8475 1.5394 2.5286 6.1491 10.2216 13.5184 11.3105 0.7347 9.6564 11.5175 2.8854 5.4685 6.1042 4.8336 4.5399 6.7426 13.8960 6.3806 1.8663 1.3880 1.2328 1.4207 0.7347 0.8165
3.4065 3.5365 3.0931 3.5552 3.9431 2.7247 1.5787 1.6910 3.4832 3.6319 3.1961 2.4108 1.5132 2.7831 1.4622 2.3061 2.6971 2.8692 1.8113 2.7431 2.8796 2.6149 3.7837 4.4757 3.6566 4.7141 5.0298 5.7434 7.1038 8.9870 8.7961 6.8979 6.2847 6.1507 6.0332 5.5590 6.0933 5.0844 4.5873 4.2513 5.9219 5.3095 4.8682 5.6549 6.8580 4.4937 1.9126 0.3762 2.1009 3.8838 4.4808 5.8389 8.4066 9.7853 6.2004 6.5755 8.5428 3.1742 6.3502 5.0671 5.3019 3.8158 3.9375 11.4939 10.6845 2.2157 3.0529 4.2217 9.2797 11.3613 10.7957
4.0702 4.0887 2.6113 2.2846 2.3338 3.5316 3.4390 3.0919 3.7762 3.0825 3.6574 2.0034 3.1237 2.4839 2.6579 1.6819 1.8652 2.7786 2.4586 3.2986 3.6103 2.6216 2.8930 2.7652 4.1115 3.8300 3.4031 2.1708 3.5666 6.3875 7.3957 6.7043 6.5676 6.4318 4.9363 3.5566 4.4659 4.2935 4.5570 3.7514 4.8859 3.9311 3.2920 3.6923 6.5375 5.8240 4.9482 2.6995 1.7289 2.4683 2.2833 5.1702 7.4327 3.2754 5.8012 8.5748 8.3416 2.7367 8.2283 8.0759 7.0533 5.7345 3.5828 10.5759 8.8275 5.4236 10.8738 12.7693 13.1867 13.7498 13.1952
1.9707 2.2456 2.2560 1.9319 0.2446 1.6451 1.3513 1.5731 1.4532 2.0365 1.1239 2.2398 2.9564 1.4972 2.3913 2.6481 1.2609 1.6202 2.3191 3.1430 3.3127 3.7225 2.4207 1.9064 2.7528 2.8606 2.4722 1.3035 1.6914 2.8729 3.2027 2.7831 2.5413 3.6817 2.7231 2.2560 2.2547 2.7292 4.4006 3.3804 3.0825 4.4845 2.7534 2.6830 4.5539 3.9642 5.1456 4.5898 3.8602 3.6462 4.0121 4.7289 6.8127 5.5715 5.6880 3.5445 4.7711 5.3808 11.0185 8.1367 3.7743 1.3938 11.2469 11.7964 2.1496 10.8091 13.7546 10.2033 1.1882 5.0584 4.0251
1.3191 1.2393 2.3539 3.2862 3.1754 2.3613 1.0612 1.5699 2.0218 1.4135 0.1910 1.1457 1.6531 1.8333 2.9157 2.5286 2.6426 3.1948 2.3980 3.2280 3.4884 4.3960 2.8627 2.2779 2.4813 3.0042 3.0223 2.2969 2.6587 3.2274 3.8752 1.8012 0.6040 3.0610 3.2986 3.8312 2.6249 3.1137 4.7623 4.9577 4.0624 5.3480 4.4981 3.5773 4.3543 3.6582 4.3984 4.8894 4.4782 4.8682 5.1372 6.4354 6.9668 6.2245 4.0601 2.5096 2.1010 1.3257 7.5421 12.6445 9.9825 9.0755 14.8750 10.4012 7.4347 15.5971 5.1354 5.1501 9.7223 9.4242 11.8237
4.3463 4.2656 3.9708 3.7201 4.5347 4.1505 3.5774 2.8197 3.1041 3.3629 3.7438 3.2136 3.2097 3.1230 4.0271 3.6974 3.4534 2.7670 1.8427 1.5507 2.4434 2.4613 2.0394 4.2866 3.8574 3.6397 3.2614 3.5771 4.3833 5.6790 5.8408 3.4294 2.8018 3.2538 3.2163 3.4869 3.2807 2.8566 3.7411 4.8935 4.9569 5.1467 4.2200 3.7527 4.6020 4.5932 4.3188 4.8932 4.8442 5.1925 5.3893 6.3142 6.8076 6.8688 6.0185 4.7602 2.4930 0.1621 3.1857 12.7711 8.6347 11.2629 12.4787 3.1013 12.9357 14.0584 8.6371 14.5581 9.1881 6.4354 12.1184
4.3961 3.6637 2.6952 1.7898 1.5208 2.0408 3.5072 3.7854 2.1882 2.9475 3.4065 3.5068 3.1570 2.5940 2.5917 1.9003 0.9175 1.7188 1.4517 1.7448 3.1742 1.9726 2.0354 3.5901 3.4389 3.5135 2.3561 1.4089 1.9507 3.9464 6.2631 4.3328 4.0330 3.4264 3.6112 2.7035 2.8687 3.4033 2.4754 3.3672 2.7431 3.7914 3.1982 3.0968 4.7969 4.9991 5.5448 5.2069 5.4247 4.8444 5.0662 5.5547 6.7268 6.3229 6.2004 5.2065 5.6075 3.3105 2.6722 12.2059 5.6533 11.3369 8.9857 3.6149 13.4842 6.4758 12.7569 10.8327 4.9486 3.5533 7.7983
2.5967 2.8545 3.2361 2.5463 0.9246 0.4114 3.3791 2.1054 1.1394 1.2077 1.3775 2.6294 2.7271 1.2695 1.6246 2.8176 2.3916 2.1343 3.0386 2.9566 4.7715 2.3440 1.4135 2.6467 3.1374 3.5068 3.1763 1.7519 0.7022 2.3779 3.9640 2.4363 3.0731 4.7865 5.2812 4.5442 4.8419 4.7190 2.9158 3.0919 2.5601 2.5833 2.7799 2.8688 3.2073 3.3273 3.7242 4.5208 4.5025 4.9925 3.9195 4.7602 4.3700 6.2112 5.2368 5.2791 6.9640 6.7849 4.2279 12.5790 4.9331 11.1841 5.2759 8.7658 12.8321 6.3744 13.5920 2.3250 1.1634 0.6886 0.9246
2.3400 3.0247 4.0461 4.1210 3.4315 1.9473 4.0179 1.3690 2.0649 1.6680 1.5810 2.0066 2.8804 2.2986 1.6636 1.6247 3.1948 3.5166 2.4246 2.2399 3.7873 2.9158 2.4530 2.4857 2.6732 3.3724 3.7914 3.6953 1.5015 2.5518 4.0208 3.4092 2.8369 3.6699 4.4982 1.9711 2.7956 4.2975 4.5059 3.5568 2.9564 3.6439 3.1962 3.4356 3.1912 4.1630 4.2337 3.3061 3.8088 4.3194 4.2708 4.1506 3.2381 5.2256 4.9251 6.5054 8.7699 9.9562 6.4256 11.2156 7.9206 5.2230 9.4472 9.5591 5.5579 9.4353 9.9721 1.9803 0.8540 1.6806 0.9670
1.6224 1.9175 3.5761 3.7224 3.2849 3.9767 5.9862 4.4119 3.2513 1.9296 1.8958 2.7841 2.4857 3.1228 2.8369 3.1478 2.6806 3.6687 2.9028 2.9475 3.4717 2.5372 2.3421 2.7038 2.7293 2.4318 4.0352 3.6319 2.5959 2.9689 3.8074 3.4798 3.5496 4.6367 3.9909 2.3112 3.0472 4.0622 5.2141 5.3484 5.1326 5.7157 5.3560 5.7832 5.6228 5.2867 4.4835 3.3523 4.7429 4.6908 5.4558 4.0804 4.4403 4.7909 5.8518 6.4664 9.4073 11.1535 10.0945 14.9955 16.6282 6.2631 4.1184 6.6157 12.7508 15.6884 8.7438 2.2038 1.8092 2.5427 2.8715
1.2654 1.6491 2.2421 2.6467 2.0664 3.3562 3.6937 2.8243 2.9188 3.0629 2.9374 3.5956 3.9875 5.4525 4.4316 2.1343 0.8481 1.5988 2.6249 3.4389 3.0493 2.4389 2.3390 2.8887 3.0825 2.8796 4.5067 3.3369 2.6787 2.2960 2.8161 1.9187 1.7602 3.2395 5.5142 4.9611 4.0422 3.6923 4.7185 5.0636 5.5796 5.5598 5.6599 5.0728 4.2967 4.2967 4.5364 5.5131 5.8382 5.0033 4.1205 3.1193 4.0461 4.2279 4.6269 3.9348 6.3490 7.5800 9.7847 11.9164 20.7875 18.2194 16.8082 14.3100 15.0097 10.4258 6.2783 3.6311 3.5771 3.0685 3.5365
0.8438 1.5107 1.3838 2.2538 2.5093 3.3810 2.7420 1.2155 1.9711 2.2196 2.4621 2.4988 3.4195 3.3610 3.4865 1.7582 0.8617 0.4355 1.1355 2.6015 3.1843 2.9087 2.4461 2.8052 2.9701 3.2674 4.1157 3.2129 2.8695 2.9363 3.5925 2.0663 0.5818 1.2883 3.3445 3.9405 3.9904 3.6698 3.9504 2.6293 3.0957 2.3745 2.7831 2.6451 3.8302 4.0438 3.8136 4.0347 3.2807 3.2397 1.6749 1.9507 2.3755 1.4976 0.7734 0.8710 3.2656 3.9729 5.9404 5.6170 14.2374 15.7904 19.4138 15.6629 11.3662 7.1211 4.1296 4.1776 3.0225 2.3962 2.0695
2.0193 2.5533 1.3901 1.1122 1.2316 3.8432 3.7158 2.9356 2.6323 2.5173 2.4389 0.6299 0.2781 2.9867 4.4262 2.0547 1.7751 1.8253 1.8597 2.8174 2.8320 3.0761 2.3902 2.5473 2.7810 3.2244 3.0610 3.3759 3.2663 2.5756 3.0907 3.1416 2.1305 1.6438 2.1465 3.5633 3.5806 3.7854 3.2778 2.5173 3.1151 2.1496 2.2989 2.5518 3.5270 3.4294 2.2785 2.2212 3.0107 3.5519 1.7251 2.1435 2.8897 2.3782 2.1343 2.0551 2.7164 3.2197 4.0187 3.8402 4.3483 5.9325 5.1197 6.7992 6.8712 7.6094 4.9152 3.7055 3.0343 2.6149 1.8332
4.7234 4.9848 3.0636 1.2077 0.3819 2.2560 2.8397 2.6979 2.6514 3.4616 3.3750 2.4360 1.8060 3.1032 4.4039 4.1687 4.3609 3.5773 2.5923 2.5712 2.6473 3.1228 3.2949 2.4174 3.0521 3.5606 2.8804 3.5033 3.0529 2.3024 2.8091 3.6582 3.6480 3.5608 3.6070 4.0429 3.6687 3.9464 2.5912 3.4313 3.0837 3.0193 3.5925 2.7865 2.9923 3.4884 2.1343 2.2031 3.2003 4.8931 4.4541 4.4078 4.7245 4.7064 4.1294 3.3584 2.4243 2.0193 1.6871 2.5940 4.9668 4.4039 3.3939 2.9544 4.7321 6.2004 4.3476 4.2819 5.1073 3.9348 2.8869
3.0730 4.6355 4.4659 3.3594 2.3669 2.3929 2.0236 1.3535 2.0365 3.1478 4.0547 4.1673 3.4700 3.4124 4.5949 4.5519 5.1806 3.3975 2.4434 2.4243 2.5335 3.5085 2.1925 2.2120 3.2816 3.8613 3.6581 2.8854 3.1125 3.9348 4.1111 2.9364 2.7167 2.6291 2.6185 2.9859 3.6494 3.7470 2.5009 3.4313 3.8674 3.7952 4.7185 3.6937 2.9165 2.7576 2.5119 2.8215 3.5069 4.1505 4.6094 4.1373 3.6311 3.2816 2.9623 3.2098 2.5858 1.8092 1.2984 1.5361 3.9510 4.4070 3.4389 3.3698 4.1336 5.9578 3.7701 4.4145 6.0885 3.5901 3.2183
1.4492 3.2327 3.7653 3.2341 2.6582 2.7534 2.7953 2.2538 2.3681 2.5948 3.0343 3.3803 2.3736 2.7642 1.7619 1.5545 3.1466 3.3150 1.9637 1.4592 1.9913 3.1126 1.9447 2.3325 2.1013 3.0522 3.6239 3.4032 2.8715 2.6754 3.9401 1.6737 1.4005 2.0019 2.0902 1.8581 2.7423 2.9448 2.4053 2.9923 3.0908 2.1496 3.4925 3.0992 3.2674 2.4098 2.5277 2.7124 2.8565 2.3440 2.4458 2.5959 3.1088 2.5968 2.7516 3.4531 2.2538 1.6841 2.1041 2.2538 3.2118 2.6500 2.0465 1.5218 3.9311 5.5192 4.2935 4.0518 5.9593 3.8105 3.3074
2.1305 2.3561 2.1343 2.0930 1.8865 2.6995 2.6800 2.2957 1.5064 1.7486 1.6841 1.8961 1.8145 3.1543 2.3974 1.2832 2.4721 3.4717 2.6689 0.3820 1.0389 2.6664 1.7369 1.4854 1.3631 2.6260 3.5234 3.0609 1.5203 2.7175 4.0078 2.3929 2.2538 2.4159 3.2966 3.1497 1.8522 2.0561 1.5394 1.6649 2.4962 1.6402 1.7419 2.9269 3.8481 2.6582 2.5677 2.8816 2.5578 2.4585 0.6681 1.5394 2.7271 2.2615 2.0354 3.0436 2.4895 1.5132 0.7136 1.2299 1.3663 2.9857 2.6906 2.0968 3.2647 4.6433 3.7630 4.7185 6.3229 4.7089 3.0969
3.0484 3.0550 2.2871 2.9088 2.5734 3.2576 3.5172 3.0778 2.4279 2.2985 2.3250 1.4874 1.6152 2.4742 3.1806 1.9439 2.2538 3.6977 3.5421 2.2702 1.6958 2.3770 2.4294 0.8455 1.7183 2.2906 3.0225 3.3045 2.0265 2.8581 3.2489 2.6514 2.2881 2.2760 3.7883 4.5365 2.2615 2.7076 3.4817 2.6555 3.1125 3.4568 2.4586 2.9838 3.8613 3.9265 3.2341 2.4243 3.4917 2.9640 1.3838 1.1458 2.3061 0.9300 0.9448 3.0522 3.5486 2.9050 1.9323 1.6438 1.7602 2.7420 2.4359 2.1168 2.5424 2.8977 2.3372 4.2873 4.5779 4.9084 3.8731
1.7931 2.2537 1.9514 2.3583 2.6849 3.1144 3.5917 3.3791 3.6766 3.8036 3.8105 1.5952 1.5745 1.8804 4.0122 3.0912 2.8930 3.1467 3.8004 3.7942 2.9307 3.2292 2.8397 1.9810 1.3063 1.7767 3.6016 3.2895 1.9176 3.2674 2.7634 2.4300 2.1002 2.2038 3.7896 4.8073 4.2397 4.0617 3.5363 2.0149 2.7642 3.5590 3.4499 3.1570 2.8736 3.0893 2.9867 2.0843 3.9283 3.0931 2.5714 2.0294 2.3061 1.0936 1.1790 2.4183 3.4220 3.5593 3.7998 3.3301 2.0705 1.9986 2.0326 2.2957 3.1761 3.0215 3.3597 4.1985 5.2301 5.1125 3.2827
1.2655 1.8364 1.1016 1.1932 1.5713 0.7686 1.4411 1.7829 2.4074 3.7361 4.0450 3.2489 2.7859 2.9448 4.3590 3.2136 2.2871 2.0394 2.1168 3.1434 2.4721 3.7722 3.4499 3.5672 1.8783 0.7267 2.3024 3.4009 3.1300 3.0919 2.6906 2.3074 2.0618 2.3718 3.8791 3.3430 2.3980 3.4505 3.1291 1.5883 1.2695 1.3241 2.9425 2.3083 1.8644 2.5427 2.2871 2.3222 3.5714 2.0583 1.7188 2.2947 3.4271 2.3901 2.0930 1.3534 1.9187 2.0546 1.8616 2.1936 2.4207 2.2960 2.4728 2.5049 3.7000 2.0294 2.3521 3.2986 5.3241 4.7190 1.7877
2.8279 3.0158 1.6403 1.3075 1.8024 1.0809 1.3241 1.0284 1.5360 3.0099 3.6825 3.8330 2.1394 1.2434 2.9640 2.6582 2.5959 1.5204 1.4089 2.0968 2.3718 2.3779 2.3975 3.6719 2.8088 1.0997 2.1856 2.2960 2.6185 3.5486 2.9237 2.3225 2.2554 2.5652 3.1041 1.3985 1.9092 4.1170 3.1818 2.1935 2.1496 1.6206 2.3023 2.4886 3.5633 3.4145 2.0929 1.8300 3.1115 2.3250 2.4956 2.9704 3.0834 1.7951 1.2609 0.4471 0.9738 0.7639 1.6313 1.7951 2.8553 2.8091 2.1058 1.4376 3.1674 1.1992 1.0755 1.7013 5.3679 4.8632 3.3151
4.0251 4.3041 3.1673 3.0395 2.4742 2.4053 3.1041 2.6874 2.1394 2.4627 1.8908 2.1865 2.6819 2.3486 3.1151 3.0636 4.3609 3.5952 3.3317 2.7143 2.6800 2.4839 2.8877 3.6401 3.9700 3.3284 2.6708 1.8838 3.5480 4.8293 4.2460 3.7281 3.7428 4.5246 5.0971 3.5917 3.8521 5.1720 5.2054 4.3142 4.3835 4.1311 3.0107 2.3241 2.8728 4.0622 3.2933 2.9426 4.2117 4.5006 2.9463 2.9453 3.0395 2.5959 1.6403 1.9323 1.6672 2.0674 2.5011 2.1708 2.1065 2.2163 0.9737 0.7416 2.3853 3.0730 2.9632 2.4038 4.8549 5.5345 4.5208
2.6316 3.0266 1.9711 3.1041 2.2547 1.5507 1.8431 2.2909 2.3831 2.7143 1.7289 2.7650 4.0386 4.8157 3.4826 1.9655 4.0300 3.9926 3.6319 3.1265 3.4748 3.8432 3.2736 2.6057 3.1076 3.7768 3.9969 2.5804 2.9976 4.0652 4.2438 3.7201 3.0061 4.1149 4.6431 3.8378 3.5915 4.9627 5.4912 3.8294 3.6433 4.3543 3.6181 1.5361 0.9456 3.1674 3.8529 3.5199 3.4669 3.5660 3.3230 3.9640 4.5149 3.5788 2.5481 3.0472 2.4886 2.0236 1.2968 1.9488 2.3259 2.3372 2.3521 1.5713 1.8643 1.8957 1.8471 2.0561 3.6686 4.5987 3.2395
1.8048 1.4542 0.9820 2.6989 2.7642 0.8541 0.3988 1.1102 2.6268 4.1041 2.1985 1.9990 1.9126 4.6902 3.8388 1.4269 1.8189 2.3613 2.1597 1.9473 2.0508 3.0588 3.5566 3.0804 1.5465 2.7108 2.8164 1.2487 1.5049 2.2985 3.3653 2.3064 0.1910 1.4542 2.8338 2.9158 1.5956 2.8173 3.8378 2.4753 2.5008 3.3996 3.7225 3.3964 1.9707 2.3761 2.2947 1.6224 1.7894 2.0632 3.0893 3.2098 4.0759 3.1856 2.4789 2.3184 2.4294 1.3502 0.8540 2.1216 2.4101 2.6708 2.4895 2.3819 1.6425 1.5545 0.6403 0.8481 1.1135 3.1550 2.8091
2.5011 2.5278 1.7951 1.1343 2.7831 2.3917 1.7603 1.2655 2.2457 3.2807 2.5677 1.5218 1.1489 3.9969 2.8176 2.0621 1.9263 2.1360 1.8217 1.2985 1.6487 2.9984 3.8716 2.5378 1.7314 2.8369 2.6183 1.1846 0.6800 0.8201 2.7279 3.2052 0.8245 0.7610 1.8109 2.0096 1.9726 2.5737 2.9916 2.0874 2.0333 2.3400 3.0302 4.2411 4.3249 3.5396 1.8992 2.7367 2.2196 2.4434 2.6472 3.1435 3.3131 3.1348 3.3185 2.7760 3.1598 2.5043 2.1137 1.8427 1.8787 2.2833 1.3881 1.0721 2.1547 2.9721 2.0067 1.9844 2.0526 3.7023 3.2986
2.5194 3.2647 2.3834 2.2957 3.0730 3.3317 2.8018 0.8093 0.7562 1.3340 1.7951 1.9473 1.7335 3.0265 1.8632 1.8522 2.8877 2.1705 2.3524 2.0207 1.5446 2.3391 3.2027 2.5424 3.0552 3.7411 3.8300 3.1265 2.1909 2.0337 2.6754 4.0724 3.3621 2.0888 1.9800 1.8487 2.4754 3.3026 3.9370 2.1598 2.3499 2.1869 2.3390 2.3736 4.0287 3.4009 2.6291 3.0158 3.3214 3.0302 3.1286 3.1582 4.8083 4.9925 3.8036 3.7047 4.3298 3.6385 2.3696 2.2238 2.6719 2.6949 1.7432 1.6152 1.9503 2.5813 2.5805 2.6800 1.7714 1.7619 2.3241
1.6819 3.3316 3.3614 3.7125 3.4606 3.5535 3.4313 2.7484 1.6767 1.3690 1.3844 1.0026 2.4077 3.4825 2.7494 2.9838 3.9311 2.5922 3.0912 2.9324 1.1445 2.3391 2.8369 2.8369 3.4294 3.8391 4.2107 3.6000 3.2082 2.8338 2.1216 3.2736 3.5464 3.4220 2.9475 1.7490 1.1355 2.6415 3.3131 2.6664 2.1547 2.1360 2.6467 1.2469 2.9415 2.5993 2.5139 2.3521 1.9711 1.7486 2.9269 2.6337 3.6022 4.0574 3.0271 2.8215 3.8188 3.4146 2.1398 1.6247 2.5139 3.2422 3.5371 3.2034 1.9175 1.6526 1.9447 1.4894 1.5361 1.8992 1.4617
1.0756 1.8632 1.9172 0.6504 0.8120 1.7116 3.3500 3.7467 3.3687 2.4038 2.4927 1.7763 2.8070 4.1359 2.7046 2.5142 3.1918 1.9634 2.2960 2.7076 1.3241 2.2212 2.2196 1.7319 2.5578 2.8088 3.1416 2.6938 2.2759 1.8900 1.3545 1.1882 2.2372 2.9165 3.1674 2.1496 0.3896 1.7565 2.9448 2.5939 1.8745 2.4315 3.2514 2.2561 2.8877 3.5511 2.5959 1.9931 0.7206 1.5451 1.8663 1.2156 1.3323 2.9215 2.5515 1.9931 3.1843 3.5725 2.2301 1.1956 2.4577 1.9187 1.7256 1.4411 1.8360 1.3631 0.8120 1.2527 1.8140 1.7582 1.3240
1.0803 1.5209 1.3416 0.7533 0.4599 1.4456 2.0326 2.1058 3.2543 4.1443 4.5595 2.7231 2.6754 2.6721 1.8663 1.7689 1.8141 1.8109 2.8369 2.2702 0.5678 1.9810 1.3241 0.9078 2.3215 2.8977 2.9110 3.2109 3.2028 4.1457 3.5568 2.4143 2.2985 2.6127 3.1619 2.0843 1.7251 1.5883 1.7689 3.1041 2.1654 2.6500 3.6385 2.5119 2.2906 2.8369 2.8320 2.8150 0.9054 0.9449 1.2328 1.1895 0.6800 1.8538 2.7718 3.0778 2.9388 4.2635 2.6249 1.8108 1.4212 1.4006 1.0340 0.8785 2.0160 1.6949 0.7043 0.5509 1.9913 1.5351 0.7790
1.7519 2.2002 2.0019 2.0790 1.2747 1.8849 2.7324 2.2938 1.8273 2.0526 2.8728 1.4874 0.4724 2.0175 3.1660 2.2476 1.0424 2.1251 3.4220 1.8108 1.6910 2.8484 2.1065 1.2510 1.6957 2.2067 3.2596 2.6721 2.6015 3.5877 3.2118 2.3914 2.9326 3.9135 4.1692 2.6001 3.0051 2.0236 2.3512 2.4159 0.5678 1.5915 1.8475 1.0148 2.8522 2.7483 2.0632 2.3212 2.9028 1.3502 1.1135 1.7449 0.8917 0.4454 0.9166 1.4736 1.7150 3.4798 2.2919 1.8487 1.8141 2.7718 1.9507 1.4977 2.5346 2.7014 2.7316 2.0832 2.6669 1.0488 1.0936
2.2663 2.5858 2.8068 2.6580 1.9858 2.6721 2.8965 2.7997 1.4006 1.6819 2.5587 1.6061 0.8411 1.5261 3.1247 2.5959 1.2810 2.8481 3.8611 3.6621 3.2377 3.7411 2.0832 1.4315 1.4874 2.5621 3.3317 0.8718 0.2057 2.7423 3.0061 1.3141 1.3690 3.9460 3.7535 3.1982 3.8838 2.9416 1.4913 2.4143 1.1394 1.6491 1.7150 1.0488 2.9779 2.9526 1.3035 1.3361 3.7768 1.4899 1.9932 2.7755 1.8108 0.4832 0.5469 1.8428 1.4136 2.7862 2.3437 1.5933 1.6910 3.1060 2.0095 2.1975 2.2476 3.0388 2.3300 2.5438 3.7255 2.9110 1.2985
