GISData/GIS_aspect_15.txt
ncols         200
nrows         200
xllcorner	0.0
yllcorner	0.0
cellsize      15
[rows 168 to 195 of 200, columns 128 to 191 of 200]
299.0542 293.9619 137.5639 101.4395 2.5453 289.1894 319.0041 155.7728 170.1323 136.0418 173.2901 128.5010 111.9387 115.9064 146.3089 242.3283 228.4242 182.5637 198.4350 210.2561 173.3671 183.9918 221.1862 209.1569 215.1181 223.1813 233.6142 207.1489 195.5227 203.0703 232.8842 241.8444 250.4272 204.2282 239.3698 211.7874 175.7110 179.9994 196.7973 241.8942 173.0476 149.2640 239.6207 184.0854 242.7582 244.7776 245.4153 287.1896 318.9910 332.3007 3.9460 92.8343 109.0062 168.9599 165.3235 210.0684 261.7019 255.1712 218.5411 198.2258 191.1301 258.6898 295.9426 278.1302
198.1382 150.6038 141.7582 123.8111 254.4126 280.6624 185.7117 139.1857 132.8254 154.7225 176.8195 115.3877 120.9641 101.3105 9.4626 265.4260 225.8816 189.9035 202.5429 233.8804 175.2318 216.8716 249.4442 256.3282 264.3593 278.9723 296.5627 15.2555 279.1616 265.6015 309.8027 277.5948 303.1481 89.9979 235.9811 209.0548 223.1520 177.2731 191.3091 222.2075 164.4274 188.8806 238.2410 164.4750 236.9209 242.1156 250.7564 264.7660 286.5868 150.2544 138.5212 125.3850 129.7187 155.5596 122.7365 218.4184 222.3969 182.1199 210.1920 229.3053 254.8268 280.3048 319.6855 297.2764
152.8502 132.7094 124.3888 319.3961 287.5092 299.3297 343.2971 98.7463 119.8352 180.0007 180.9235 128.9552 128.2923 79.1146 66.8033 249.4423 177.1372 211.2629 252.5817 254.3578 210.9612 175.2391 279.9251 290.4323 273.8786 197.5250 201.9826 205.5378 229.0857 260.8370 172.1480 232.3264 222.1579 166.1847 221.4235 247.2856 245.3746 140.4404 181.0812 232.0835 161.3234 177.1662 213.0032 195.6675 205.1777 237.3554 244.9550 244.4702 212.4425 173.4805 140.6225 131.1856 162.9619 225.0031 315.9387 41.6328 136.0795 199.7983 217.7253 234.6385 274.0853 276.5362 303.6766 246.5711
122.3809 114.5873 123.5593 286.4958 286.1948 293.1990 225.0016 128.9267 109.1987 179.0135 194.9953 137.6001 325.3047 61.6061 122.3465 190.8848 189.7272 205.5605 230.9651 224.3972 182.1208 170.7887 225.9709 231.9726 198.9972 178.6358 210.4340 231.2347 216.5289 213.6897 194.3005 226.1015 217.4386 172.7629 229.7635 254.9323 203.9623 132.8784 190.3057 238.1333 147.5294 193.6514 218.1575 205.6145 194.9813 257.9279 257.7638 256.2006 226.4444 163.1015 122.2168 99.0404 5.7076 296.5668 295.6027 68.4051 95.4043 249.7737 242.1986 261.4691 252.0067 240.0179 172.6475 219.7187
111.9243 120.3322 305.5367 279.0902 277.3599 180.0012 187.5953 127.4501 95.0919 116.5659 232.4350 268.2652 221.1879 77.4715 95.0797 14.0388 247.1673 216.8751 217.6482 211.7987 180.8553 172.4762 230.1101 239.5658 196.3150 11.7691 290.9561 286.4601 227.3538 214.8243 265.1011 287.3538 289.5352 208.0722 231.6044 226.5481 160.4625 140.8557 184.8995 204.6234 197.3543 217.8790 286.5030 218.6590 191.5598 244.9834 248.3032 255.4259 264.6640 8.8417 22.4796 37.6649 38.2101 158.7475 242.0027 135.6439 99.6283 253.0725 256.8099 279.9641 267.8987 213.6907 167.7349 231.5626
91.9231 83.4001 309.8055 282.7430 284.3887 62.3003 144.4635 109.9857 77.7999 34.6941 345.3225 280.0081 138.5757 155.6959 116.5683 69.0772 233.9677 180.0023 184.2372 218.0455 214.2861 90.0000 271.6851 268.5124 220.2374 254.2189 257.8283 257.3484 259.0479 279.7847 282.3201 264.8084 126.8734 246.2504 190.0075 190.7130 181.2588 192.2366 169.3035 177.6779 235.5618 238.3933 196.9272 214.8747 199.8548 230.8156 231.0591 239.7540 234.9603 181.0321 170.2173 158.9626 168.0481 173.8676 200.9126 174.2318 138.4465 235.9556 263.2116 264.7625 272.1475 82.8752 285.5256 276.2256
64.2077 63.2946 166.0973 230.2431 233.8597 189.4625 152.7647 163.3004 166.4646 285.9413 332.4874 3.4690 79.8252 145.0075 188.7479 141.3400 166.7560 174.6456 165.9640 244.0583 268.5320 73.3012 273.9179 256.6073 161.5655 217.6140 243.1039 252.4287 288.7994 267.1348 273.4160 224.9982 167.4727 196.2603 154.6536 196.6075 161.1136 179.1701 175.3330 236.6889 259.6510 223.8288 156.8012 248.1967 190.3062 222.1086 224.5266 232.8393 214.6299 184.2538 180.9963 172.4304 180.4774 185.8556 205.0674 206.5648 190.8398 248.2016 240.7088 249.2958 234.8464 180.0000 259.5059 262.5679
41.9625 38.1573 45.9026 184.7642 221.8823 207.0308 176.6978 188.2592 206.5661 178.6036 172.7629 174.4003 100.3041 58.2404 316.6369 41.9843 49.0848 9.4606 22.6206 295.7697 278.6525 90.0000 255.2563 239.0366 165.3794 240.1017 256.1486 250.6410 250.7692 220.6012 246.2509 220.6003 133.1534 168.9967 140.1939 262.4038 66.5014 250.5590 257.1950 251.5642 272.4896 263.2104 95.1955 246.8004 263.8847 180.0062 240.9456 244.0520 219.6495 195.2335 187.5945 177.4740 219.8058 206.2813 218.7748 233.2599 250.3466 236.8910 266.5323 259.6952 245.0953 202.2029 201.4126 220.6015
61.1141 45.8681 27.2462 39.4346 169.6956 237.5143 224.1319 67.1657 212.5749 171.7643 156.3261 182.3640 214.3108 349.6969 6.2412 354.5073 45.8318 74.2932 338.9618 238.3909 233.1280 192.8753 228.9185 225.0007 197.9694 240.6416 255.4395 242.8790 207.3238 206.5650 216.1359 207.5115 173.2111 155.6585 224.9984 280.4063 75.7367 90.0017 234.0905 228.9185 234.1892 217.2345 169.9501 197.8190 240.1545 306.2523 318.0130 278.0170 281.3102 253.8115 253.5410 240.2554 253.1785 233.1296 225.4902 221.6339 225.0003 206.5650 235.7500 253.4123 241.2326 215.4166 193.2410 251.0960
222.1839 179.9980 22.5739 58.2127 77.8183 244.4861 232.6359 183.4683 158.0514 157.2606 161.0707 178.3002 233.0300 234.0523 16.1435 39.8084 55.3057 67.3818 355.7643 345.9612 26.5563 270.0017 206.5663 209.7440 235.0081 241.2936 232.9076 231.8429 208.9672 227.5444 216.3844 196.6986 164.5967 165.5996 239.3309 265.9147 52.2517 100.8400 166.5048 228.4470 225.6429 208.2365 191.3090 220.9143 269.4092 294.5381 321.5826 277.4812 269.2558 238.8908 221.1852 240.4218 246.0374 242.5247 233.1298 249.1017 230.1230 208.9089 228.3179 237.9947 206.5654 219.9369 226.5497 270.0000
196.7980 196.4404 240.1643 49.9462 52.9751 345.5497 305.9839 134.2321 151.7117 168.9262 180.0003 167.3195 235.3343 210.8560 191.1365 213.3336 229.0851 37.1160 10.3041 353.2901 79.6941 212.0064 200.9243 204.6765 242.3546 238.2410 232.1260 211.1225 200.9732 204.7345 201.2094 211.5040 140.1973 180.0000 240.3332 209.7449 166.6759 136.5769 172.8736 262.7852 267.2710 277.1243 308.7971 338.7027 298.3008 294.0753 184.2356 232.2839 236.4540 224.3556 241.3881 259.9914 261.8692 249.1930 257.9051 293.6818 278.0170 320.7113 272.2311 272.6424 208.1415 227.6630 246.4246 260.0872
206.5654 205.4634 216.8703 255.9680 45.0000 10.6428 352.4723 33.8243 43.6882 24.9766 338.7693 0.1785 2.7929 188.7813 189.5889 227.6820 237.3929 55.7116 92.6021 182.8631 131.1865 172.8752 223.3631 215.5353 227.0443 228.9912 225.0000 209.5372 216.6060 203.4293 193.1575 213.5243 193.0927 148.8153 225.0000 209.6830 178.5057 156.0377 205.1590 250.5940 262.8733 287.6500 294.8295 325.4910 267.1019 246.1936 139.7637 233.1302 260.6982 256.2011 300.1142 255.0182 204.9051 232.3264 256.9451 266.2364 289.6987 320.4406 288.7572 258.3097 229.5380 261.9957 271.7896 263.8847
272.3864 254.5789 199.6541 239.8865 205.0170 137.5637 39.2893 29.3469 17.2143 7.7415 341.3998 353.1214 26.6427 37.0700 82.8002 254.9817 250.8824 59.6212 77.5744 180.0000 92.6031 32.0044 288.4339 206.5607 200.1362 220.1018 239.6212 205.1998 186.7101 192.5305 194.5741 228.1552 206.8699 172.4055 198.7585 224.2138 259.6931 345.9607 287.2815 264.5598 247.6213 253.1239 244.7471 206.0299 227.6258 208.4946 198.4364 292.4792 280.9389 289.6534 263.3669 255.6188 225.0023 275.5875 273.4683 242.3544 256.3905 241.8442 281.6920 250.5636 304.5089 309.8059 315.6167 265.8395
217.5709 212.6198 167.0924 234.6884 216.5519 165.5004 233.1303 214.9014 93.6680 67.6197 334.9320 320.2682 35.4556 37.3331 43.5428 244.9817 241.0386 218.6962 93.0947 2.6615 36.6561 71.5651 153.4357 171.8689 183.9005 190.1255 212.3304 209.3960 176.3319 191.1296 212.1061 234.7277 228.3659 179.9977 227.3846 235.5603 215.0964 256.5052 233.1308 242.1028 240.0870 249.7756 233.8812 205.5145 206.5640 225.0000 236.8533 282.5288 274.7632 285.4780 194.7435 226.2733 244.4410 279.6283 283.5233 263.1577 233.9238 235.2707 221.5529 278.5313 282.7243 288.4348 292.2488 266.9065
68.1997 81.8743 172.1469 234.3438 208.4740 176.4243 215.2866 194.9306 150.6792 161.8787 193.1352 248.0078 186.7082 50.6122 45.5811 68.7798 253.3835 238.0895 225.0004 359.9991 11.1293 41.8199 57.5993 111.3695 159.0757 164.3890 208.4647 228.7584 185.7107 212.7329 254.0538 278.3919 224.9973 150.2544 236.5478 254.6516 239.0395 228.2712 192.8031 233.7463 261.3628 248.1980 244.0253 254.2198 261.2546 257.7354 258.5177 238.6429 240.1911 219.3335 210.9643 220.8550 253.9399 245.2605 253.5232 247.7526 275.6173 253.5224 232.9568 247.5833 254.5381 244.6535 191.3099 259.8256
85.0733 67.6197 253.3012 210.9631 202.6205 169.9399 218.3459 214.6241 101.3072 296.5680 315.0000 250.2772 168.3097 165.3797 51.1463 76.6665 355.3418 275.6619 274.8213 163.3052 135.0000 71.5645 57.4075 52.4318 76.7606 106.2598 267.9541 271.2187 304.2154 9.4641 247.9326 225.6162 198.0839 164.2187 229.6001 225.7069 210.1404 249.4433 275.9045 289.6532 266.7748 235.3756 240.1412 268.0254 319.9709 300.9634 276.0727 237.6805 234.9583 231.4415 236.3099 205.5582 268.6199 262.7060 248.1989 219.5227 273.9185 290.8862 311.9872 269.2460 263.5892 247.2856 218.0467 258.0233
76.7982 106.1874 150.5219 167.7991 191.0716 172.6488 219.1443 224.1935 196.6988 162.3482 228.3647 225.0000 143.1297 197.1995 194.3823 93.2893 63.8128 277.4094 299.9134 130.8151 180.0000 144.7277 117.0730 74.0554 57.2650 55.7130 280.0102 268.3789 239.7428 155.2266 191.5912 193.1576 202.3408 216.1572 287.0482 287.0366 136.6382 223.7809 247.1662 254.6500 251.5650 242.5240 252.6458 258.4244 251.5647 248.1989 252.0733 263.8297 238.3919 256.8904 238.6270 256.3737 256.4772 277.4543 235.8845 264.5066 257.5736 264.5584 206.5636 259.1598 249.2911 273.4683 293.8059 296.0534
33.7869 28.6948 38.6609 83.8309 135.0019 275.1953 261.3475 224.9973 191.8418 178.9947 186.7655 204.0574 168.9965 221.8195 139.3571 106.3517 214.0857 267.3245 219.9866 106.8584 152.3546 136.9753 135.0009 108.4356 103.6718 106.3153 215.5359 241.6539 188.5312 173.7368 169.4601 203.0517 252.7589 286.3369 286.7990 317.2911 352.2332 279.9260 259.5927 221.5317 248.0088 267.1838 275.9462 255.0047 230.7746 212.2764 213.6901 253.5588 257.9047 251.8782 234.5546 212.1254 242.9871 244.6984 203.9620 257.5603 269.5817 257.8292 185.3543 248.1986 250.2529 233.8418 243.4359 227.1221
30.9642 28.3498 32.0826 37.8285 41.6332 292.9306 313.5286 94.8655 210.2544 219.5585 193.6260 203.1996 216.8709 188.3650 95.5875 82.8115 316.0418 277.8680 300.5777 92.4372 101.3099 124.9909 137.4902 130.2361 98.7446 75.5786 74.9317 220.8557 177.1375 174.0193 188.0267 219.0537 261.9573 254.2491 235.6853 206.1880 176.9065 243.4343 275.3137 264.1440 252.9801 249.5682 225.0013 225.6439 236.9756 242.3542 237.5291 249.2281 268.9397 276.5816 290.5559 265.3138 261.0277 237.4080 219.8058 245.9854 268.4928 305.3638 1.6381 277.8006 267.7095 238.7611 253.4430 248.6293
39.5365 43.3633 35.7402 42.8185 47.8626 323.1278 191.3116 132.3735 180.0000 225.9394 186.3391 190.8845 261.8697 180.0000 91.1630 83.2520 289.3590 280.2277 318.5757 104.0371 97.1248 109.2889 10.3038 36.5296 46.7367 65.7719 119.4754 162.8241 181.1460 168.2311 275.4396 262.4050 274.8131 226.5473 224.9994 207.0718 224.1708 242.1992 260.3112 300.6184 295.2014 257.3212 222.7695 248.4286 266.1858 258.6903 240.5250 260.3953 260.0364 255.3797 258.3097 280.8853 273.6674 277.8828 270.0000 260.2380 253.4128 228.6745 216.8679 258.8713 255.2035 243.4344 248.3432 259.3291
46.1685 40.0061 37.7164 55.4720 63.8117 68.1975 113.8394 125.4174 184.3978 226.7896 208.1789 244.7981 286.1642 8.4702 115.9986 115.7203 244.3271 276.1980 184.6353 135.0009 99.4616 95.4393 274.7647 326.6889 60.4888 72.2160 80.9095 79.1147 85.9168 165.9638 268.2379 280.0080 278.3932 272.6625 260.0736 266.8195 282.5291 245.5570 257.0933 250.9310 197.1056 260.9078 262.5036 270.0000 250.6413 205.0177 204.1801 239.9311 248.1978 224.3561 223.7813 237.8628 247.8904 250.9066 284.4706 270.7540 256.6756 222.7096 206.9390 248.8601 269.2156 255.5293 224.2359 226.2015
359.9993 24.3415 35.8634 61.1718 55.0075 29.9191 35.3268 36.2547 34.4395 313.3606 219.8049 272.7269 248.3344 177.6153 94.0026 107.1029 248.9493 241.3268 170.7995 151.2605 168.3767 172.2346 180.2808 183.1519 170.5170 184.3374 207.9650 236.8200 21.8022 1.2733 275.1947 269.3183 254.8763 248.8382 292.5205 298.7677 316.5078 318.0133 224.9992 241.2599 200.2256 215.3615 231.1458 215.4333 230.6595 194.9318 224.0911 248.8754 237.9073 240.9452 246.3709 253.0339 265.3335 280.2570 296.8867 309.2072 271.0411 273.2239 257.9688 249.1015 262.1465 284.0361 343.3018 300.7198
358.3631 21.3184 51.8091 68.5653 54.4620 38.0277 47.3441 49.4671 70.7499 141.3400 184.6870 201.3461 226.4882 239.1990 71.3181 90.8501 217.4761 209.4116 176.3546 160.2730 197.2132 216.0844 104.5010 148.2012 152.8727 192.9542 229.7103 244.2652 37.5685 16.3896 295.4266 275.7104 261.8697 260.7271 275.3321 291.8013 300.9650 55.3054 214.2870 264.2893 253.5404 202.9885 203.9613 243.0604 271.7621 313.1520 283.3239 278.5692 262.9987 268.9775 266.3480 264.5599 268.9951 279.8000 292.2172 300.8014 287.3538 272.6031 251.2413 262.5688 256.7013 250.4971 202.3794 279.6888
50.5258 85.7628 79.9508 78.9299 82.4510 87.8793 88.1716 90.6087 95.9238 130.1786 187.1267 213.6901 276.4107 292.6714 45.6250 72.5561 75.3951 219.9281 183.6412 140.3896 317.9828 337.1599 12.0327 23.2144 41.2748 5.2469 269.7121 259.1359 40.3138 96.7088 281.3106 245.0956 231.7451 237.2157 220.5329 203.9628 189.2834 206.5650 217.6938 246.0373 253.5232 275.7117 330.4617 301.2184 293.3333 306.4673 281.0401 271.9404 268.8053 259.0189 255.3799 268.9197 273.6521 270.0000 254.1973 245.3231 260.5372 242.2421 240.0186 266.2363 268.1913 222.0886 220.2368 254.1807
69.5915 73.4444 84.9370 88.7547 90.0005 66.3705 69.3628 80.2998 86.7432 75.1416 335.2239 330.3957 278.3439 246.0375 83.0901 67.3422 32.9766 352.3845 353.1573 350.5376 319.0608 306.3631 76.6397 61.3383 67.9183 47.3072 275.2200 273.6807 74.3580 63.4354 219.0943 225.0000 241.9276 249.5502 223.0246 190.6605 189.2297 217.6942 219.2899 230.3316 262.7248 299.0545 350.2730 296.5658 280.9229 314.9956 271.4313 260.9095 263.9281 263.6598 269.9991 281.1810 278.9723 282.0947 254.2487 223.3624 211.6079 202.0112 253.0331 261.0023 262.0730 164.4744 270.0007 269.0761
67.1665 85.1355 106.5570 94.7636 90.6028 77.9877 86.3670 80.9809 76.5414 61.8576 318.5764 277.1270 181.0225 205.4841 201.5289 55.9807 26.9765 357.1894 349.9446 340.6912 322.7499 288.4347 137.9919 133.0838 136.8657 141.5929 275.3210 286.1722 62.4029 75.5293 85.2371 244.7981 265.6012 244.5917 233.6161 251.5694 273.4689 256.1595 233.7458 251.2222 255.8020 246.0381 199.3850 237.2643 254.0551 147.9951 267.6631 270.0000 286.1442 267.1377 286.2938 269.2741 252.8968 228.9083 212.7753 204.6552 244.6120 229.3989 249.7168 245.1575 230.7107 229.5749 260.4173 232.3529
85.3009 93.8139 97.0166 85.1471 83.9041 109.0255 111.4118 91.0803 66.3699 64.2033 318.8133 275.1955 36.2547 313.7818 246.1952 284.0370 287.8197 340.0183 209.9307 173.7972 136.2742 186.5814 119.1450 123.4056 162.5357 309.6592 311.3520 303.6898 105.3490 120.3225 125.5374 251.5644 232.7331 188.2972 226.7719 257.8293 319.7646 277.4964 275.3147 255.7354 239.8987 217.9336 197.9043 216.3838 228.8142 195.3339 247.5212 263.3864 277.2746 268.8306 264.5605 241.8876 232.6962 223.4722 235.2572 231.5200 280.7847 285.4617 289.4400 268.1329 246.9494 234.2461 223.4511 194.3816
80.0738 70.9942 58.7070 74.6500 80.0224 85.1212 102.4503 106.2326 91.1938 79.4611 105.9468 285.3500 24.3419 353.1302 331.6989 308.5584 341.5654 98.9723 202.9326 166.3279 152.7445 163.6863 101.2225 94.1571 310.6385 309.3908 333.4347 336.2173 135.8546 118.3458 145.8138 229.3989 234.0915 227.2912 279.1181 292.8737 341.5658 310.3647 295.7692 209.9817 230.1945 235.2564 228.1220 231.8430 244.3120 229.3996 252.0955 257.7053 252.5825 252.0317 243.4346 246.2186 250.7701 262.4058 235.6200 227.0458 241.2322 261.3632 276.3403 290.5559 252.4760 218.0892 220.6674 258.6888
